# Created by Octave 7.3.0, Mon Oct 30 00:26:34 2023 UTC <jovyan@224710f94f77>
# name: C
# type: scalar
6


# name: Cex
# type: matrix
# rows: 40
# columns: 1
 250
 255
 260
 265
 270
 275
 280
 285
 290
 295
 300
 305
 310
 315
 320
 325
 330
 335
 340
 345
 350
 355
 360
 365
 370
 375
 380
 385
 390
 395
 400
 405
 410
 415
 420
 425
 430
 435
 440
 445


# name: Cem
# type: matrix
# rows: 63
# columns: 1
 300
 304
 308
 312
 316
 320
 324
 328
 332
 336
 340
 344
 348
 352
 356
 360
 364
 368
 372
 376
 380
 384
 388
 392
 396
 400
 404
 408
 412
 416
 420
 424
 428
 432
 436
 440
 444
 448
 452
 456
 460
 464
 468
 472
 476
 480
 484
 488
 492
 496
 500
 504
 508
 512
 516
 520
 524
 528
 532
 536
 540
 544
 548


# name: Cex1
# type: matrix
# rows: 40
# columns: 1
 0.246961507
 0.2499372
 0.244009013
 0.227483992
 0.211473735
 0.192314453
 0.18217905200000001
 0.17497051999999999
 0.15547446500000001
 0.15849418400000001
 0.15543680900000001
 0.17774737800000001
 0.194978871
 0.20696266599999999
 0.217206658
 0.21966692900000001
 0.22224941100000001
 0.21525692299999999
 0.20410879300000001
 0.201290149
 0.18921262799999999
 0.17884339299999999
 0.15921205399999999
 0.145941087
 0.125803675
 0.108568895
 0.086887322000000003
 0.070829375999999999
 0.053757025
 0.039783919000000001
 0.029027997
 0.020241946
 0.011837208
 0.0049962310000000003
 0
 0
 0
 0
 0
 0


# name: Cem1
# type: matrix
# rows: 63
# columns: 1
 0
 0
 0
 0
 0
 0
 0
 5.7890699999999998e-05
 0
 0
 0
 0
 0
 0
 0
 0
 0
 0
 0
 0.0041547609999999999
 0.010812057999999999
 0.019563397
 0.028576707
 0.038586034999999998
 0.049571311999999999
 0.061183557999999999
 0.073824081999999999
 0.087098588000000005
 0.100908094
 0.115112899
 0.129047103
 0.141686587
 0.15413371100000001
 0.165780281
 0.175914815
 0.18507462999999999
 0.191997327
 0.19855757499999999
 0.203777129
 0.20712356600000001
 0.20971643400000001
 0.210787792
 0.210773233
 0.209023456
 0.20613279900000001
 0.202135697
 0.198085015
 0.193081014
 0.18682542099999999
 0.18019005699999999
 0.17359459499999999
 0.16694493699999999
 0.16027910400000001
 0.15314130200000001
 0.14580975099999999
 0.13906260100000001
 0.131406369
 0.124742437
 0.118058168
 0.111683722
 0.105666367
 0.099357831999999993
 0.093997168000000006


# name: Cex2
# type: matrix
# rows: 40
# columns: 1
 0.29159459599999998
 0.27227393300000002
 0.24506122
 0.21131401699999999
 0.197636901
 0.19181493799999999
 0.20770128600000001
 0.22954498700000001
 0.229445555
 0.24928049199999999
 0.24729430099999999
 0.27029968300000001
 0.27078275600000001
 0.25428652299999999
 0.230366404
 0.20077339899999999
 0.17366521100000001
 0.14484151300000001
 0.11759470700000001
 0.097622736000000002
 0.073867862000000006
 0.052930214000000003
 0.032505304999999998
 0.016207926000000001
 0.002471291
 0
 0
 0
 0
 0
 0
 0
 0
 0
 0
 0
 0
 0
 0
 0


# name: Cem2
# type: matrix
# rows: 63
# columns: 1
 0
 0
 0
 0
 0
 0
 0
 0
 0.0052168190000000001
 0.015415073
 0.025364870000000001
 0.036384049000000002
 0.050162168
 0.066287795999999996
 0.084255908000000004
 0.10339778400000001
 0.12394849199999999
 0.14562638999999999
 0.16929804400000001
 0.18739451300000001
 0.20253800899999999
 0.21887480100000001
 0.233075685
 0.24396372099999999
 0.25169375599999999
 0.25643231399999999
 0.25554947
 0.25326168999999998
 0.247409192
 0.238160067
 0.226881152
 0.21324404499999999
 0.19866720199999999
 0.182781254
 0.16689061199999999
 0.150896692
 0.13497795800000001
 0.12008580000000001
 0.10581162400000001
 0.092149308999999999
 0.079391591999999997
 0.067251517999999996
 0.056510808000000003
 0.047230436000000001
 0.038849812999999997
 0.032660752000000001
 0.02629343
 0.020884178
 0.016837445999999999
 0.013311864
 0.0091138710000000008
 0.0080465459999999999
 0.0061575930000000003
 0.0048360729999999998
 0.0037639679999999999
 0
 0.002376647
 0.0023227339999999999
 0.002667226
 0.0028411249999999999
 0
 0.0032910600000000002
 0.003561514


# name: Cex3
# type: matrix
# rows: 40
# columns: 1
 0.19377957100000001
 0.20610389100000001
 0.231245013
 0.23093465399999999
 0.25360391500000001
 0.25469582000000002
 0.26684774100000003
 0.25967462600000002
 0.22190272699999999
 0.20192167699999999
 0.16497389300000001
 0.146971616
 0.12129648
 0.096479249000000003
 0.075624526999999997
 0.060030223000000001
 0.051826184999999997
 0.048017183999999997
 0.049649413000000003
 0.056627432999999998
 0.063558465999999994
 0.074395457999999998
 0.084590615999999993
 0.098825563000000005
 0.110256981
 0.133018513
 0.14821979099999999
 0.16071850300000001
 0.165464046
 0.16707627799999999
 0.17042623600000001
 0.17013544899999999
 0.167283076
 0.164864858
 0.15749159700000001
 0.14209801799999999
 0.128773624
 0.109893756
 0.095510840999999999
 0.084457765000000004


# name: Cem3
# type: matrix
# rows: 63
# columns: 1
 0
 0
 0
 0
 0
 0
 0
 1.6765600000000001e-05
 0.00072425899999999999
 0.00065092899999999996
 0.00077563399999999998
 0.001271213
 0.001684603
 0.0018157970000000001
 0.0018108110000000001
 0.00099870800000000006
 0
 0
 0
 0
 0
 0
 0
 0
 0
 0
 0
 0
 0
 0.0010293979999999999
 0.0081951890000000003
 0.018169721
 0.02977861
 0.042297355000000002
 0.055859322000000003
 0.070435528999999997
 0.085601963000000003
 0.10047438
 0.114526827
 0.12835084499999999
 0.14229486399999999
 0.156798412
 0.169365983
 0.181846222
 0.193050059
 0.20222826699999999
 0.21134550699999999
 0.21803698099999999
 0.22248167499999999
 0.22547974100000001
 0.22589817300000001
 0.22728309799999999
 0.22695174600000001
 0.22492574500000001
 0.221441214
 0.21639169699999999
 0.21204925299999999
 0.206712332
 0.20104675
 0.19438808099999999
 0.18741908800000001
 0.18064319600000001
 0.17381954499999999


# name: Cex4
# type: matrix
# rows: 40
# columns: 1
 0.32501776999999998
 0.28073077000000002
 0.24467885
 0.21331771199999999
 0.18485725
 0.158028945
 0.13761747199999999
 0.12695826399999999
 0.107724637
 0.10870993399999999
 0.11005949900000001
 0.133871765
 0.15476938600000001
 0.17384095299999999
 0.19427781799999999
 0.208105702
 0.21500544099999999
 0.21782283699999999
 0.214494976
 0.21690822700000001
 0.21299579900000001
 0.208779884
 0.191959569
 0.181811368
 0.161556071
 0.14113735999999999
 0.115615019
 0.095893705999999995
 0.075900849000000006
 0.059017238999999999
 0.045684466999999999
 0.033224701000000002
 0.022173571999999999
 0.013070194
 0.0049413310000000002
 0
 0
 0
 0
 0


# name: Cem4
# type: matrix
# rows: 63
# columns: 1
 0.00011522400000000001
 0
 0
 0
 0
 0
 0
 0
 0
 0
 0
 0
 0
 0
 0
 0.0030267559999999998
 0.0067813040000000002
 0.012933165999999999
 0.01984553
 0.026979752999999999
 0.035173630999999997
 0.044253156000000002
 0.054138169999999999
 0.064836207000000007
 0.076138082999999995
 0.087793311999999998
 0.10053150499999999
 0.11323636099999999
 0.126973631
 0.140897991
 0.15326810599999999
 0.164831268
 0.175433546
 0.18472977099999999
 0.19263814100000001
 0.199289356
 0.203115773
 0.20752962799999999
 0.210161239
 0.21122772200000001
 0.21146894099999999
 0.209090735
 0.20712666599999999
 0.20299189400000001
 0.197824365
 0.194804335
 0.18653048899999999
 0.179718972
 0.17199882899999999
 0.16406229999999999
 0.158076941
 0.14890093700000001
 0.14127537300000001
 0.13378889799999999
 0.12595859600000001
 0.120013366
 0.111544797
 0.10485082
 0.098829668999999995
 0.092571427999999997
 0.087372070999999996
 0.081583298999999998
 0.076482076999999996


