# Created by Octave 7.3.0, Mon Oct 09 01:31:58 2023 UTC <jovyan@224710f94f77>
# name: C
# type: scalar
4


# name: Cex
# type: matrix
# rows: 35
# columns: 1
 265
 270
 275
 280
 285
 290
 295
 300
 305
 310
 315
 320
 325
 330
 335
 340
 345
 350
 355
 360
 365
 370
 375
 380
 385
 390
 395
 400
 405
 410
 415
 420
 425
 430
 435


# name: Cem
# type: matrix
# rows: 36
# columns: 1
 290
 296
 302
 308
 314
 320
 326
 332
 338
 344
 350
 356
 362
 368
 374
 380
 386
 392
 398
 404
 410
 416
 422
 428
 434
 440
 446
 452
 458
 464
 470
 476
 482
 488
 494
 500


# name: Cex1
# type: matrix
# rows: 35
# columns: 1
 0.32553951199999998
 0.28618862299999998
 0.25150883099999999
 0.226652412
 0.20728708800000001
 0.199303962
 0.19116709700000001
 0.18728898199999999
 0.187033067
 0.18771288799999999
 0.18435035
 0.18067464
 0.17749034599999999
 0.175112407
 0.17008087799999999
 0.16321767700000001
 0.15813940100000001
 0.14945546600000001
 0.13855268200000001
 0.128115334
 0.116699278
 0.10568888
 0.095704148000000003
 0.086672694999999994
 0.077993567999999999
 0.068086815999999994
 0.059802331
 0.053655452999999999
 0.047836284
 0.041940017000000003
 0.036672723999999997
 0.029834724
 0.024598161
 0.020801006
 0.016035972999999999


# name: Cem1
# type: matrix
# rows: 36
# columns: 1
 0
 0
 0
 0
 0
 0
 0
 0
 0
 0
 0
 0.01288252
 0.035674020000000001
 0.062600225999999995
 0.087275072999999995
 0.109527677
 0.13314115600000001
 0.15536342
 0.17627864600000001
 0.19584361
 0.21248652400000001
 0.229287413
 0.24241069700000001
 0.251847508
 0.25664603499999999
 0.25844782300000002
 0.25795124800000002
 0.25506149
 0.253075779
 0.247086528
 0.23833196600000001
 0.228379939
 0.211941624
 0.197283286
 0.18148972199999999
 0.169493383


# name: Cex2
# type: matrix
# rows: 35
# columns: 1
 0.47978980599999999
 0.36964734100000002
 0.29552452299999998
 0.23640533799999999
 0.197869087
 0.159883989
 0.135558557
 0.116654771
 0.099061099999999999
 0.080346374999999998
 0.066223552000000005
 0.054804609999999997
 0.043571594999999998
 0.035196394999999998
 0.026276821999999998
 0.019814345000000001
 0.014466039
 0.0087532159999999994
 0.0064486049999999996
 0.001122907
 0
 0
 0
 0
 0
 0
 0
 0
 0
 0
 0
 0
 0
 0
 0


# name: Cem2
# type: matrix
# rows: 36
# columns: 1
 0.045609578999999997
 0.02634564
 0
 0
 0.0065514099999999997
 0.020907562000000001
 0.042441189999999997
 0.062830545000000002
 0.074974408000000006
 0.080270706999999997
 0.084879740999999995
 0.090926669000000002
 0.099108565999999995
 0.107303046
 0.121994147
 0.13982485
 0.156554635
 0.17401388500000001
 0.18787267499999999
 0.20332779600000001
 0.21776058400000001
 0.228926134
 0.24083215899999999
 0.24478979300000001
 0.24803145099999999
 0.242893409
 0.23896189600000001
 0.23568752800000001
 0.22879085199999999
 0.22627374
 0.21767651599999999
 0.211030677
 0.19809220699999999
 0.18476722900000001
 0.17377672799999999
 0.16218595399999999


# name: Cex3
# type: matrix
# rows: 35
# columns: 1
 0.43878384300000001
 0.46596125599999999
 0.43943030799999999
 0.36900455399999998
 0.28560208799999998
 0.19487310799999999
 0.101289821
 0
 0
 0
 0
 0
 0
 0
 0
 0
 0
 0
 0
 0.00013079500000000001
 0.00071775300000000001
 0.001012836
 0.001086383
 0.00098723400000000003
 0.00068651200000000002
 0.00058524300000000005
 0.00032709599999999997
 0.00034549299999999999
 0.00019823
 0.00016140300000000001
 0.000223095
 0.00043041899999999997
 0.00045133
 0.00029160699999999999
 0.00031227300000000001


# name: Cem3
# type: matrix
# rows: 36
# columns: 1
 0.258432102
 0.38620873900000002
 0.46080212300000001
 0.43103613099999999
 0.35852929500000003
 0.301985754
 0.234000446
 0.17506124000000001
 0.13998168999999999
 0.12777609300000001
 0.121466247
 0.10403805300000001
 0.083886558
 0.062492243000000003
 0.043269545999999999
 0.024911003000000001
 0.0097750990000000006
 0
 0
 0
 0
 0
 0
 0
 0
 0.0050285929999999996
 0.0091892680000000004
 0.010130913
 0.017947371
 0.019811118999999999
 0.025125857000000001
 0.027429018999999999
 0.027563524999999998
 0.030427116000000001
 0.029334451000000001
 0.029946101999999999


# name: Cex4
# type: matrix
# rows: 35
# columns: 1
 0.16867174200000001
 0.18334159
 0.21971998000000001
 0.26651904999999998
 0.304776147
 0.33823298200000002
 0.36419288799999999
 0.37187194099999998
 0.328457371
 0.28185010700000002
 0.23093260700000001
 0.180714124
 0.13782757100000001
 0.091624727000000003
 0.070126503000000007
 0.052993933
 0.027491113000000001
 0.0066584110000000004
 0
 0
 0
 0
 0
 0
 0
 0
 0
 0
 0
 0
 0
 0
 0
 0
 0


# name: Cem4
# type: matrix
# rows: 36
# columns: 1
 0
 0
 0
 0.068756376999999994
 0.158320761
 0.21041227000000001
 0.287478752
 0.33219077299999999
 0.362325489
 0.35920850199999999
 0.33378026199999999
 0.30721995699999999
 0.26623791600000002
 0.22231688699999999
 0.189038188
 0.16612812499999999
 0.144853958
 0.12734958499999999
 0.11153281800000001
 0.099652378
 0.090223451999999996
 0.077800958000000003
 0.064518914999999996
 0.051988742999999997
 0.039107330000000003
 0.026750572
 0.016205272999999999
 0.0075247480000000004
 0
 0
 0
 0
 0
 0
 0
 0


