# Created by Octave 7.3.0, Mon Oct 09 01:40:24 2023 UTC <jovyan@224710f94f77>
# name: C
# type: scalar
3


# name: Cex
# type: matrix
# rows: 35
# columns: 1
 265
 270
 275
 280
 285
 290
 295
 300
 305
 310
 315
 320
 325
 330
 335
 340
 345
 350
 355
 360
 365
 370
 375
 380
 385
 390
 395
 400
 405
 410
 415
 420
 425
 430
 435


# name: Cem
# type: matrix
# rows: 36
# columns: 1
 290
 296
 302
 308
 314
 320
 326
 332
 338
 344
 350
 356
 362
 368
 374
 380
 386
 392
 398
 404
 410
 416
 422
 428
 434
 440
 446
 452
 458
 464
 470
 476
 482
 488
 494
 500


# name: Cex1
# type: matrix
# rows: 35
# columns: 1
 0.47969964100000001
 0.42413631600000001
 0.36279093000000001
 0.28540331499999999
 0.214211068
 0.15314756800000001
 0.103965668
 0.054583179000000003
 0.031027849
 0.02089597
 0.0054386210000000003
 0
 0
 0
 0.0063480569999999998
 0.018011227000000001
 0.028686607999999999
 0.038574571000000002
 0.047367900999999997
 0.059816585999999998
 0.063545851
 0.063761966000000003
 0.06293116
 0.060342645
 0.057587949999999999
 0.048251565000000003
 0.041178877000000003
 0.035955041
 0.030600933
 0.025741874000000001
 0.021412047
 0.016617289
 0.013263304
 0.010978687000000001
 0.0082262930000000008


# name: Cem1
# type: matrix
# rows: 36
# columns: 1
 0.030150590000000001
 0.012945727000000001
 0.001777601
 0
 0
 0.010962671
 0.014550446999999999
 0.023625257
 0.034938703000000002
 0.045740579000000003
 0.057978435000000002
 0.074073043000000005
 0.091479879
 0.108185657
 0.12392610699999999
 0.13858456
 0.15545366899999999
 0.17204571099999999
 0.187722054
 0.20336141399999999
 0.21565593199999999
 0.22877565599999999
 0.23979313299999999
 0.247579416
 0.24968742599999999
 0.247796713
 0.24327643900000001
 0.23860804499999999
 0.23539230999999999
 0.23124771399999999
 0.225928134
 0.21879215599999999
 0.20485383700000001
 0.19079953399999999
 0.17524911600000001
 0.16274248899999999


# name: Cex2
# type: matrix
# rows: 35
# columns: 1
 0
 0
 0.026580458000000001
 0.083306467999999995
 0.14255231199999999
 0.19108688800000001
 0.234005925
 0.294824221
 0.31307143199999998
 0.310889201
 0.32324119600000001
 0.323691483
 0.30948132900000003
 0.29371847699999998
 0.26516272600000002
 0.22536853900000001
 0.189177555
 0.15298521500000001
 0.120158035
 0.076965955000000003
 0.051362743000000002
 0.034617625999999999
 0.021400407999999999
 0.010321634
 0
 0
 0
 0
 0
 0
 0
 0
 0
 0
 0


# name: Cem2
# type: matrix
# rows: 36
# columns: 1
 0
 0
 0
 0
 0
 0
 0
 0.016052104000000001
 0.039719157999999997
 0.057426052999999998
 0.070300382999999994
 0.092573190999999999
 0.116015404
 0.13797437900000001
 0.159178494
 0.178012264
 0.19988571999999999
 0.21960257
 0.23478289499999999
 0.246902327
 0.254124458
 0.25963989900000001
 0.26135199999999997
 0.25862691599999998
 0.25026921000000002
 0.23728995
 0.223719802
 0.210805091
 0.19988904599999999
 0.18951320499999999
 0.17893954000000001
 0.16796879100000001
 0.152639673
 0.13851791099999999
 0.124716192
 0.113179672


# name: Cex3
# type: matrix
# rows: 35
# columns: 1
 0.22422031100000001
 0.301781613
 0.35704403299999998
 0.37868044000000001
 0.37737113500000002
 0.35804291999999999
 0.34126136699999998
 0.245684079
 0.22260781399999999
 0.20646204200000001
 0.14276786999999999
 0.049894821999999998
 0.015281338
 0
 0
 0
 0
 0
 0
 0
 0
 0
 0
 0
 0
 0
 0
 0
 0
 0
 0
 0
 0
 0
 0


# name: Cem3
# type: matrix
# rows: 36
# columns: 1
 0.158628502
 0.34981220400000002
 0.425332612
 0.41361330400000001
 0.37192866499999999
 0.28609880300000001
 0.263803336
 0.22149002200000001
 0.182003251
 0.162564498
 0.150717922
 0.125937407
 0.104935448
 0.092347517000000004
 0.088093358999999996
 0.092224142999999995
 0.08864226
 0.083404673999999998
 0.072396373
 0.059334587000000001
 0.048081411999999997
 0.033340436000000001
 0.019915993
 0.0077926039999999999
 0
 0
 0
 0
 0
 0
 0
 0
 0.001304138
 0.0051929970000000004
 0.0097235770000000006
 0.011737053000000001


