# Created by Octave 7.3.0, Mon Oct 09 01:37:00 2023 UTC <jovyan@224710f94f77>
# name: C
# type: scalar
4


# name: Cex
# type: matrix
# rows: 35
# columns: 1
 265
 270
 275
 280
 285
 290
 295
 300
 305
 310
 315
 320
 325
 330
 335
 340
 345
 350
 355
 360
 365
 370
 375
 380
 385
 390
 395
 400
 405
 410
 415
 420
 425
 430
 435


# name: Cem
# type: matrix
# rows: 36
# columns: 1
 290
 296
 302
 308
 314
 320
 326
 332
 338
 344
 350
 356
 362
 368
 374
 380
 386
 392
 398
 404
 410
 416
 422
 428
 434
 440
 446
 452
 458
 464
 470
 476
 482
 488
 494
 500


# name: Cex1
# type: matrix
# rows: 35
# columns: 1
 0.53513549100000002
 0.44855531300000001
 0.303598486
 0.227282395
 0.21228169899999999
 0.16353662299999999
 0.096330577000000001
 0.065640267000000002
 0.044640038
 0.036003403000000003
 0.020812819
 0.0034833870000000001
 0.001410498
 0
 0
 0
 0
 0
 0
 0
 0
 0
 0
 0
 0
 0
 0
 0
 0
 0
 0
 0
 0
 0
 0


# name: Cem1
# type: matrix
# rows: 36
# columns: 1
 0.066172461000000002
 0.063522790999999995
 0.028990036
 0
 0
 0.015882717000000001
 0.023689749
 0.033037553999999997
 0.045674173999999998
 0.058100931000000001
 0.070899786000000006
 0.087378296999999994
 0.10623822600000001
 0.12847850699999999
 0.15067561700000001
 0.173749547
 0.19646849999999999
 0.21456256400000001
 0.22802050600000001
 0.237457422
 0.246597591
 0.25039148999999999
 0.25283076300000001
 0.25170673999999998
 0.24913089099999999
 0.244898861
 0.23700079399999999
 0.22491983300000001
 0.212107619
 0.198347368
 0.18315067800000001
 0.167380691
 0.152731541
 0.13907370199999999
 0.12665882000000001
 0.113255684


# name: Cex2
# type: matrix
# rows: 35
# columns: 1
 0.080747010999999994
 0.095472465000000006
 0.182173011
 0.218123973
 0.19707919300000001
 0.21141745200000001
 0.25332110800000002
 0.27921943399999999
 0.287205761
 0.28237212299999997
 0.28458454999999999
 0.29148153700000001
 0.28145658299999998
 0.260596836
 0.23287686499999999
 0.20200537399999999
 0.17111923700000001
 0.14230941599999999
 0.11569808400000001
 0.087093856999999997
 0.063908214000000005
 0.042054165999999997
 0.020870789000000001
 0.0029959990000000001
 0
 0
 0
 0
 0
 0
 0
 0
 0
 0
 0


# name: Cem2
# type: matrix
# rows: 36
# columns: 1
 0
 0
 0
 0
 0.0059316610000000004
 0
 0
 0.02635672
 0.048873739999999999
 0.063740294000000003
 0.073837865000000003
 0.096409339999999996
 0.122633043
 0.15252353099999999
 0.18160775100000001
 0.20915094200000001
 0.23648756400000001
 0.25708179799999997
 0.27054244900000002
 0.277143048
 0.27937199899999998
 0.27527338899999998
 0.26726229899999998
 0.25469968900000001
 0.24087972999999999
 0.22523452199999999
 0.208161186
 0.18894857500000001
 0.16984323500000001
 0.15114720800000001
 0.13319710400000001
 0.116750718
 0.102789031
 0.090874340999999997
 0.079782651999999996
 0.069715786000000002


# name: Cex3
# type: matrix
# rows: 35
# columns: 1
 0.31703089200000001
 0.331819478
 0.34126114099999999
 0.28530052099999997
 0.19532269599999999
 0.141048747
 0.11676091700000001
 0.079272576999999997
 0.065902974000000003
 0.057138323999999997
 0.057830614000000002
 0.061083244000000002
 0.061665494000000001
 0.074875995000000001
 0.093679904999999994
 0.114938242
 0.13617131499999999
 0.155365164
 0.17345822299999999
 0.193214998
 0.20298012100000001
 0.20419464400000001
 0.20035657900000001
 0.191131147
 0.165343876
 0.138390557
 0.114740102
 0.095855645000000003
 0.080163880000000007
 0.067861531000000003
 0.05757951
 0.046279741999999999
 0.038804943000000001
 0.033313862999999999
 0.027859109


# name: Cem3
# type: matrix
# rows: 36
# columns: 1
 0.00039351099999999998
 0
 0
 0.011694316
 0.0026443500000000002
 0
 0
 0
 0
 0
 0
 0
 0
 0
 0
 0
 0
 0.022132516000000001
 0.062550392999999996
 0.105374967
 0.144799645
 0.18293332400000001
 0.21721142800000001
 0.24716107400000001
 0.27094493200000003
 0.28732595799999999
 0.297319051
 0.300035624
 0.29592927200000002
 0.28632011600000001
 0.27183634899999998
 0.25460513800000001
 0.23751818899999999
 0.220568921
 0.201953459
 0.18204026600000001


# name: Cex4
# type: matrix
# rows: 35
# columns: 1
 0.21186464499999999
 0.32768733799999999
 0.42065659300000002
 0.42428954099999999
 0.38538721399999998
 0.34236870699999999
 0.302640986
 0.206060141
 0.175695512
 0.14606027199999999
 0.117847102
 0.071433181999999998
 0.019391507999999998
 0
 0
 0
 0
 0
 0
 0
 0
 0
 0
 0
 0
 0
 9.4885399999999998e-05
 0.00049824199999999998
 0.00063239399999999999
 0.00063766500000000004
 0.000435406
 0.00034930999999999997
 7.1981299999999995e-05
 0
 0


# name: Cem4
# type: matrix
# rows: 36
# columns: 1
 0
 0.15945869800000001
 0.34906692099999997
 0.4282031
 0.39882236999999998
 0.32235909899999998
 0.29183918199999997
 0.23707117699999999
 0.19665843399999999
 0.18379106100000001
 0.19215795899999999
 0.18587178600000001
 0.174056719
 0.15432438400000001
 0.14013414199999999
 0.123949646
 0.106142089
 0.082858824999999997
 0.058509789
 0.040278268999999998
 0.020237946999999999
 0.010466319
 0.000105243
 0
 0
 0
 0
 0.0075944819999999996
 0.013970799000000001
 0.019721108000000001
 0.024952321999999999
 0.029782659
 0.035286482000000001
 0.038760297999999999
 0.041133901
 0.041143078999999999


