# Created by Octave 7.3.0, Mon Oct 09 01:44:56 2023 UTC <jovyan@224710f94f77>
# name: C
# type: scalar
5


# name: Cex
# type: matrix
# rows: 35
# columns: 1
 265
 270
 275
 280
 285
 290
 295
 300
 305
 310
 315
 320
 325
 330
 335
 340
 345
 350
 355
 360
 365
 370
 375
 380
 385
 390
 395
 400
 405
 410
 415
 420
 425
 430
 435


# name: Cem
# type: matrix
# rows: 36
# columns: 1
 290
 296
 302
 308
 314
 320
 326
 332
 338
 344
 350
 356
 362
 368
 374
 380
 386
 392
 398
 404
 410
 416
 422
 428
 434
 440
 446
 452
 458
 464
 470
 476
 482
 488
 494
 500


# name: Cex1
# type: matrix
# rows: 35
# columns: 1
 0.12940225
 0.14879103799999999
 0.175796227
 0.218429814
 0.26836243799999998
 0.327455359
 0.372456126
 0.40531489100000001
 0.41004288500000002
 0.35308448399999998
 0.261304447
 0.14545485799999999
 0.049750155999999997
 0.010060051
 0
 0
 0
 0
 0
 0
 0
 0
 0
 0
 0
 0
 0
 0
 0
 0
 0
 0
 0
 0
 0


# name: Cem1
# type: matrix
# rows: 36
# columns: 1
 0
 0
 0
 0.00399914
 0.048587696999999999
 0.14624772599999999
 0.24042844999999999
 0.31399819899999998
 0.38426360599999998
 0.39494880199999999
 0.37492563400000001
 0.34903189800000001
 0.300135706
 0.24696473999999999
 0.20191088400000001
 0.16241220000000001
 0.125020874
 0.094936366999999994
 0.071052733000000007
 0.052957065999999997
 0.038865737999999997
 0.027648281
 0.019964415999999999
 0.014243847
 0.0096501390000000003
 0.0068446779999999999
 0.0046992129999999998
 0.003206857
 0.0030095529999999999
 0.0019880269999999998
 0.0019383169999999999
 0.001762469
 0.0020702590000000001
 0.0016532859999999999
 0.001760717
 0.0022284750000000002


# name: Cex2
# type: matrix
# rows: 35
# columns: 1
 0.24427660700000001
 0.21792389000000001
 0.213226481
 0.221412527
 0.232733616
 0.241327124
 0.24491012000000001
 0.246024889
 0.246304728
 0.24193642500000001
 0.23842207000000001
 0.23214911299999999
 0.22463951500000001
 0.21906703999999999
 0.203899526
 0.18469179599999999
 0.16166421
 0.13673463699999999
 0.115505133
 0.088284086999999997
 0.068320392999999993
 0.051361978000000003
 0.035735149000000001
 0.019939525999999999
 0.0060245819999999997
 0
 0
 0
 0
 0
 0
 0
 0
 0
 0


# name: Cem2
# type: matrix
# rows: 36
# columns: 1
 0
 0
 0
 0
 0
 0
 0
 0
 0.00042350599999999998
 0.027023035000000001
 0.054161953999999998
 0.081505165000000004
 0.11336285
 0.14415620400000001
 0.17725309
 0.207826026
 0.23849316000000001
 0.26519071100000002
 0.28526410800000002
 0.28831685899999998
 0.28693318099999998
 0.27911482199999998
 0.26970791500000002
 0.25395838500000001
 0.23606359099999999
 0.21660782000000001
 0.19893307099999999
 0.18138659300000001
 0.16289227100000001
 0.150962817
 0.13676787900000001
 0.12288505299999999
 0.10810149600000001
 0.097083987999999996
 0.084233185000000002
 0.076246187000000007


# name: Cex3
# type: matrix
# rows: 35
# columns: 1
 0.51774200000000004
 0.54710101200000005
 0.43894557200000001
 0.25048297000000003
 0.090659352999999998
 0.028802494000000001
 0.019445858
 0
 0
 0
 0
 0
 0
 0
 0
 0
 2.0107200000000002e-06
 5.76414e-05
 2.3592500000000002e-05
 0
 0
 0
 0
 0
 0
 0
 0
 0
 0
 0
 0
 0
 0
 0
 0


# name: Cem3
# type: matrix
# rows: 36
# columns: 1
 0.253026904
 0.413427037
 0.49255689200000002
 0.46697650899999998
 0.37923162399999999
 0.28154084800000001
 0.20017874399999999
 0.14032503399999999
 0.098391595999999998
 0.066189098000000002
 0.046395291999999998
 0.030076109
 0.015696668
 0.0092469639999999999
 0.0055076040000000001
 0.0059007269999999997
 0.007275152
 0.0089906499999999993
 0.012194211
 0.012329458
 0.014466145
 0.014635455
 0.016659999000000002
 0.016292579000000001
 0.017337436000000001
 0.018045730999999999
 0.017308978999999999
 0.016660310000000001
 0.016012729
 0.015378793999999999
 0.016399204000000001
 0.013669150999999999
 0.013263041999999999
 0.012066488
 0.0091651449999999995
 0.0075505399999999997


# name: Cex4
# type: matrix
# rows: 35
# columns: 1
 0.30291154599999998
 0.266100004
 0.23026238500000001
 0.205766587
 0.18108052499999999
 0.16107485099999999
 0.14511881500000001
 0.13593776299999999
 0.130802116
 0.12441057899999999
 0.116761424
 0.111851486
 0.111524099
 0.117465733
 0.12958963900000001
 0.141379423
 0.15445283100000001
 0.167694967
 0.174591574
 0.18578339599999999
 0.1886794
 0.188305631
 0.18729800899999999
 0.18447461400000001
 0.18054151900000001
 0.165653413
 0.14671447300000001
 0.129302791
 0.115468713
 0.10116149200000001
 0.089315902000000003
 0.077493634000000006
 0.066052631000000001
 0.055994117000000003
 0.048367715999999998


# name: Cem4
# type: matrix
# rows: 36
# columns: 1
 0
 0
 0
 0
 0.00058083099999999997
 0
 0
 0
 0.0018848599999999999
 0
 0
 0
 0
 0
 0
 0
 0
 0
 0.0087555370000000007
 0.048014569999999999
 0.081365001000000006
 0.122349796
 0.152445478
 0.18522687500000001
 0.21138646699999999
 0.23522542599999999
 0.25388515299999997
 0.269650736
 0.29145996499999999
 0.30011044100000001
 0.30574715400000002
 0.30899572800000003
 0.299245926
 0.28837057199999999
 0.27585068800000001
 0.26175767999999999


# name: Cex5
# type: matrix
# rows: 35
# columns: 1
 0.37506248399999997
 0.39698857999999998
 0.41542827700000001
 0.402540273
 0.35258932500000001
 0.26938802099999998
 0.179672467
 0.091998055999999995
 0.0088348400000000001
 0
 0.000511485
 0.029332960000000002
 0.051200221999999997
 0.014437784
 0
 0
 0
 0
 0
 0
 0
 0
 0
 0
 0
 0
 0
 0
 0
 0
 0
 0
 0
 0
 0


# name: Cem5
# type: matrix
# rows: 36
# columns: 1
 0.048134833000000002
 0.072730627000000006
 0.11834976699999999
 0.19169324300000001
 0.24188759900000001
 0.29045832300000002
 0.323641181
 0.33936725600000001
 0.34188137699999999
 0.30852045700000003
 0.264766259
 0.23517516099999999
 0.20971674100000001
 0.18045338
 0.155476584
 0.135341499
 0.118755029
 0.11129483599999999
 0.10217657099999999
 0.093101359999999994
 0.089968983000000002
 0.085185359000000002
 0.080508219000000006
 0.078116426000000003
 0.074328877000000002
 0.070049875999999997
 0.066623755000000007
 0.063878107000000003
 0.065775754000000006
 0.064375083999999999
 0.061132233000000001
 0.063447857999999996
 0.059781045999999997
 0.058694204
 0.057966816999999997
 0.056962130999999999


