# Created by Octave 7.3.0, Mon Oct 30 00:21:35 2023 UTC <jovyan@224710f94f77>
# name: C
# type: scalar
5


# name: Cex
# type: matrix
# rows: 42
# columns: 1
 240
 245
 250
 255
 260
 266
 271
 276
 281
 286
 291
 296
 301
 306
 311
 317
 322
 327
 332
 337
 342
 347
 352
 357
 362
 368
 373
 378
 383
 388
 393
 398
 403
 408
 413
 419
 424
 429
 434
 439
 444
 449


# name: Cem
# type: matrix
# rows: 135
# columns: 1
 300
 302
 304
 306
 308
 310
 312
 314
 316
 318
 320
 322
 324
 326
 328
 330
 332
 334
 336
 338
 340
 342
 344
 346
 348
 350
 352
 354
 356
 358
 360
 362
 364
 366
 368
 370
 372
 374
 376
 378
 380
 382
 384
 386
 388
 390
 392
 394
 396
 398
 400
 402
 404
 406
 408
 410
 412
 414
 416
 418
 420
 422
 424
 426
 428
 430
 432
 434
 436
 438
 440
 442
 444
 446
 448
 450
 452
 454
 456
 458
 460
 462
 464
 466
 468
 470
 472
 474
 476
 478
 480
 482
 484
 486
 488
 490
 492
 494
 496
 498
 500
 502
 504
 506
 508
 510
 512
 514
 516
 518
 520
 522
 524
 526
 528
 530
 532
 534
 536
 538
 540
 542
 544
 546
 548
 550
 552
 554
 556
 558
 560
 562
 564
 566
 568


# name: Cex1
# type: matrix
# rows: 42
# columns: 1
 0.14265688800000001
 0.13930211300000001
 0.13946159499999999
 0.14202637500000001
 0.14777517100000001
 0.14078711599999999
 0.13462395499999999
 0.13571253899999999
 0.13542399099999999
 0.13657386099999999
 0.13766010400000001
 0.15101650699999999
 0.16124841000000001
 0.178705689
 0.19194270499999999
 0.20787413099999999
 0.226682209
 0.25149487199999998
 0.259564984
 0.25808725799999999
 0.25696570800000001
 0.24531918
 0.234481309
 0.20737930299999999
 0.203260735
 0.192714054
 0.159796669
 0.14020879
 0.111202279
 0.087841208000000004
 0.066519812999999997
 0.050381131000000003
 0.037032724000000003
 0.024817061000000001
 0.01331853
 0.0030128279999999999
 0
 0
 0
 0
 0
 0


# name: Cem1
# type: matrix
# rows: 135
# columns: 1
 0
 0
 0
 0
 0
 0
 0
 0
 0
 0
 0
 0
 0
 0
 0
 0
 0
 0
 0
 0
 0
 0
 0
 0
 0
 0
 0
 0
 0
 0
 0
 0
 0
 0
 0
 0
 0
 0
 0
 0
 0.002855794
 0.006015327
 0.0090589380000000008
 0.013120112
 0.016789387999999999
 0.021477597000000001
 0.026293701999999999
 0.031126884
 0.036632943000000001
 0.042501713000000003
 0.048766596000000002
 0.055148151999999999
 0.061792556999999998
 0.069802276999999996
 0.075830140000000004
 0.082894578999999996
 0.090623145000000002
 0.098648664999999996
 0.106315164
 0.114394527
 0.121509479
 0.128630682
 0.13446613099999999
 0.140817837
 0.14582246400000001
 0.15052848299999999
 0.15535769499999999
 0.15978643100000001
 0.162789355
 0.165535552
 0.16804496299999999
 0.170771914
 0.172745436
 0.17341040199999999
 0.17391403499999999
 0.17335029299999999
 0.17312466700000001
 0.17252972899999999
 0.170824059
 0.169166234
 0.16660008800000001
 0.16350874800000001
 0.16041471299999999
 0.15662468399999999
 0.152553257
 0.148542904
 0.144394622
 0.139861177
 0.135100212
 0.13028185
 0.12533325400000001
 0.120827728
 0.116357007
 0.11199128799999999
 0.107753055
 0.103636595
 0.099884175000000006
 0.096119309999999999
 0.092353069999999995
 0.088629653000000003
 0.085094376999999999
 0.081660894999999997
 0.078106040000000002
 0.074613886000000004
 0.071054802
 0.067669023999999994
 0.064643869000000007
 0.061479659999999998
 0.058385278999999998
 0.055391238000000002
 0.052502739999999999
 0.049711932
 0.047017651000000001
 0.044659919999999999
 0.042112783000000001
 0.039870771999999999
 0.037114194000000003
 0.035019541000000001
 0.033012611999999997
 0.031042871999999999
 0.029430134
 0.027397936000000001
 0.025682733999999999
 0.02414409
 0.022711975999999998
 0.021301898999999999
 0.020014957999999999
 0.018692522
 0.017441452999999999
 0.016422101000000001
 0.015352226
 0.014330588
 0.013344651000000001
 0.012407319
 0.011567144


# name: Cex2
# type: matrix
# rows: 42
# columns: 1
 0.23527782799999999
 0.19808646399999999
 0.16698917199999999
 0.14405172599999999
 0.13108445699999999
 0.116926382
 0.115853994
 0.134744115
 0.160952226
 0.186846454
 0.213172997
 0.24554537500000001
 0.26471804900000001
 0.28260446299999997
 0.27888344599999998
 0.280127617
 0.27827132500000001
 0.26958668699999999
 0.23460267100000001
 0.20039763899999999
 0.175297651
 0.139725239
 0.111430264
 0.080875892000000005
 0.063880310999999995
 0.049272252000000002
 0.022521203
 0.0077909390000000002
 0
 0
 0
 0
 0
 0
 0
 0
 0
 0
 0
 0
 0
 0


# name: Cem2
# type: matrix
# rows: 135
# columns: 1
 0.001365188
 0.0014813269999999999
 0.001857355
 0.001218568
 0.00099299000000000002
 0.00057700899999999996
 0
 0
 0
 0
 0
 0
 0
 0
 0
 0
 0
 0
 0
 0
 0
 0.003011433
 0.0062450379999999996
 0.010132982
 0.015712245
 0.020252903999999999
 0.026178364999999999
 0.032057625999999999
 0.038430494000000003
 0.045349662999999998
 0.053076537999999999
 0.060190737000000001
 0.069831282999999994
 0.079757301000000003
 0.089573677000000004
 0.10063427899999999
 0.112239518
 0.124525318
 0.13727879800000001
 0.15142040000000001
 0.160788609
 0.16782715500000001
 0.174606759
 0.179290372
 0.18504010800000001
 0.187914782
 0.19157095699999999
 0.195011981
 0.19713017099999999
 0.19850185000000001
 0.198890447
 0.199239575
 0.19871635500000001
 0.194783503
 0.19400762999999999
 0.191620765
 0.187513233
 0.181567914
 0.175917513
 0.16797052800000001
 0.160797145
 0.153036269
 0.146572537
 0.137797799
 0.13046481700000001
 0.122413983
 0.112782696
 0.10386970099999999
 0.096649133999999998
 0.088927176999999996
 0.080836776999999999
 0.072293512000000004
 0.064410440999999999
 0.057658065000000001
 0.050155355999999998
 0.044251870999999998
 0.038018047999999999
 0.031765925
 0.027157799999999999
 0.021237915999999999
 0.017373771999999999
 0.014048326999999999
 0.011391795999999999
 0.0086941280000000006
 0.0063247199999999998
 0.0040462199999999997
 0.0021153610000000001
 0.0011404710000000001
 0.00034481099999999999
 0
 0
 0
 0
 0
 0
 0
 0
 0
 0
 0
 0
 0
 0
 0
 0
 0
 0
 0
 0
 0
 0
 0.00075624500000000001
 0.00066432000000000004
 0.00015581199999999999
 0.00021483299999999999
 0
 0.0019737169999999998
 0.0016628960000000001
 0.0014686
 0.0011721940000000001
 0.00027723899999999998
 0.0015533809999999999
 0.001451775
 0.001396689
 0.001320243
 0.0014914360000000001
 0.002441267
 0.0025253670000000001
 0.0027073790000000002
 0.0020828309999999998
 0.002082918
 0.0025130420000000001
 0.002464188
 0.0025185120000000001
 0.0024043089999999999


# name: Cex3
# type: matrix
# rows: 42
# columns: 1
 0.42898025400000001
 0.44028342100000001
 0.42288373899999998
 0.37959750399999997
 0.32606103199999997
 0.264357118
 0.212323337
 0.16625489800000001
 0.13350775200000001
 0.101666689
 0.083956091999999996
 0.069550165999999997
 0.055334053000000001
 0.043748675000000001
 0.038462760999999998
 0.027551316999999999
 0.010131848000000001
 0
 0.011602364
 0.013051438
 0.017394679
 0.020735096000000001
 0.021342515999999999
 0.022946443
 0.011453392999999999
 0.0034680430000000001
 0.016444291999999999
 0.011736504
 0.012819351
 0.0099489409999999993
 0.0074920159999999998
 0.0050551229999999999
 0.00025850200000000003
 0
 0
 0
 0
 0
 0
 0
 0
 0


