# Created by Octave 7.3.0, Sat Sep 16 02:04:18 2023 UTC <jovyan@224710f94f77>
# name: C
# type: scalar
3


# name: Cex
# type: matrix
# rows: 51
# columns: 1
 250
 255
 260
 265
 270
 275
 280
 285
 290
 295
 300
 305
 310
 315
 320
 325
 330
 335
 340
 345
 350
 355
 360
 365
 370
 375
 380
 385
 390
 395
 400
 405
 410
 415
 420
 425
 430
 435
 440
 445
 450
 455
 460
 465
 470
 475
 480
 485
 490
 495
 500


# name: Cem
# type: matrix
# rows: 87
# columns: 1
 280
 283
 286
 289
 292
 295
 298
 301
 304
 307
 310
 313
 316
 319
 322
 325
 328
 331
 334
 337
 340
 343
 346
 349
 352
 355
 358
 361
 364
 367
 370
 373
 376
 379
 382
 385
 388
 391
 394
 397
 400
 403
 406
 409
 412
 415
 418
 421
 424
 427
 430
 433
 436
 439
 442
 445
 448
 451
 454
 457
 460
 463
 466
 469
 472
 475
 478
 481
 484
 487
 490
 493
 496
 499
 502
 505
 508
 511
 514
 517
 520
 523
 526
 529
 532
 535
 538


# name: Cex1
# type: matrix
# rows: 51
# columns: 1
 0.26184201000000001
 0.23826786999999999
 0.21554163000000001
 0.19808445
 0.18947027999999999
 0.18602118000000001
 0.18967392
 0.20182551000000001
 0.22452505
 0.22729251
 0.23858489999999999
 0.25550431000000001
 0.2574593
 0.25341982000000002
 0.24608216999999999
 0.23354393000000001
 0.21769173
 0.19691043999999999
 0.17192937999999999
 0.14705682
 0.12160608000000001
 0.096171080000000006
 0.074432120000000004
 0.055166689999999997
 0.03677383
 0.02204014
 0.0081809199999999995
 0
 0
 0
 0
 0
 0
 0
 0
 0
 0
 0
 0
 0
 0
 0
 0
 0
 0
 0
 0
 0
 0
 0
 0


# name: Cem1
# type: matrix
# rows: 87
# columns: 1
 0
 0
 0
 0
 0
 0
 0
 0
 0
 0
 0
 0
 0
 0
 0
 0
 0
 0.0080579499999999995
 0.014663259999999999
 0.022131129999999999
 0.029883679999999999
 0.040433999999999998
 0.053964480000000002
 0.067218
 0.083267320000000006
 0.099762710000000004
 0.11811724999999999
 0.13800875000000001
 0.157141
 0.17519254000000001
 0.19140947999999999
 0.20748681999999999
 0.22134523
 0.23211403999999999
 0.23630182999999999
 0.23551348999999999
 0.23288753000000001
 0.22768936000000001
 0.22333553
 0.21781060999999999
 0.21101705000000001
 0.20301493000000001
 0.19512036999999999
 0.18568912000000001
 0.17587306999999999
 0.16638965
 0.15782441
 0.15029827000000001
 0.14122805999999999
 0.13203685000000001
 0.12324396
 0.11418702
 0.10552946000000001
 0.095856700000000003
 0.087277960000000002
 0.079231540000000003
 0.071079089999999998
 0.063652410000000006
 0.05674046
 0.050464269999999999
 0.044383369999999998
 0.038976919999999998
 0.033973349999999999
 0.029416020000000001
 0.025231569999999998
 0.021594499999999999
 0.018232809999999999
 0.01531541
 0.012777470000000001
 0.010604290000000001
 0.0086041899999999994
 0.0068342400000000001
 0.0053393199999999998
 0.0039871999999999998
 0.0028005500000000002
 0.0017727400000000001
 0.00084013000000000002
 0.00010339
 0
 0
 0
 0
 0
 0
 0
 0
 0


# name: Cex2
# type: matrix
# rows: 51
# columns: 1
 0.23789643999999999
 0.24041352999999999
 0.23874986000000001
 0.23250947
 0.22353050999999999
 0.21105542999999999
 0.19530611
 0.17977895999999999
 0.16345989
 0.15580591999999999
 0.1495319
 0.14473572000000001
 0.14543974000000001
 0.14880916999999999
 0.15319292000000001
 0.15932075000000001
 0.16545902000000001
 0.17151345000000001
 0.17658798000000001
 0.17952314999999999
 0.18231584000000001
 0.18507101000000001
 0.18548295000000001
 0.18202297000000001
 0.17583650000000001
 0.16638127
 0.15496433000000001
 0.14151747000000001
 0.1245013
 0.10875463
 0.094987130000000003
 0.082964109999999994
 0.072474930000000007
 0.062929479999999996
 0.055162089999999997
 0.048511609999999997
 0.041656199999999997
 0.036614819999999999
 0.032573049999999999
 0.028298029999999998
 0.025227260000000001
 0.022715050000000001
 0.019167429999999999
 0.016758599999999998
 0.015023399999999999
 0.01246012
 0.01039261
 0.0090289700000000007
 0.0069926199999999997
 0.0052620499999999999
 0.0039823200000000001


# name: Cem2
# type: matrix
# rows: 87
# columns: 1
 0
 0
 0
 0
 0
 0
 0.00014651000000000001
 0.0014920199999999999
 0.00385732
 0.0043461699999999999
 0.0048375900000000001
 0.0063980599999999997
 0.0073718100000000003
 0.0080224100000000007
 0.0061032600000000001
 0.00590625
 0.0068291799999999998
 0.00307406
 0
 0
 0
 0
 0
 0
 0
 0
 0
 0
 0
 0
 0
 0
 0
 0
 0.0067628599999999999
 0.018435690000000001
 0.028585269999999999
 0.039743399999999998
 0.050146459999999997
 0.060248610000000001
 0.069890060000000004
 0.080334000000000003
 0.089926870000000006
 0.10027490999999999
 0.10947071999999999
 0.11834263
 0.12839059999999999
 0.13743369
 0.14650067999999999
 0.15434429999999999
 0.16109729
 0.16803982000000001
 0.17312018000000001
 0.17754048
 0.18065303999999999
 0.18321772
 0.18476293999999999
 0.18550770999999999
 0.18618717000000001
 0.18561884000000001
 0.18428928999999999
 0.18259777999999999
 0.18026122
 0.17718207999999999
 0.17371128999999999
 0.16993215
 0.16607586999999999
 0.16201467999999999
 0.15827051
 0.15473739
 0.15090619999999999
 0.14681579
 0.14295234000000001
 0.13963004000000001
 0.13585196999999999
 0.13168178
 0.12745851999999999
 0.12309096
 0.11822879
 0.11326759
 0.10843105
 0.1037677
 0.09922251
 0.094735689999999997
 0.090409260000000005
 0.086259719999999998
 0.08220239


# name: Cex3
# type: matrix
# rows: 51
# columns: 1
 0.20853695999999999
 0.20622951
 0.22996448999999999
 0.2764123
 0.32890625000000001
 0.38007394
 0.40194702999999998
 0.38242290000000001
 0.29641116000000001
 0.26269368999999998
 0.19817488999999999
 0.10953217
 0.087933049999999999
 0.064995079999999997
 0.051537630000000001
 0.033576990000000001
 0.018539460000000001
 0.0052243000000000003
 0
 0
 0
 0
 0
 0
 0
 0
 0
 0
 0
 0
 0
 0
 0.00024983999999999998
 0.00040568000000000001
 0.00041630999999999998
 0.00037293999999999999
 0.00037441999999999998
 0.00028592
 0.00017626
 9.5610000000000001e-05
 0
 0
 0
 0
 0
 0
 0
 2.156e-05
 7.8310000000000001e-05
 0.00010996
 0.00010574


# name: Cem3
# type: matrix
# rows: 87
# columns: 1
 0.09546048
 0.10454202999999999
 0.11731417
 0.12604366
 0.13072832000000001
 0.13908912000000001
 0.14841381000000001
 0.15506766999999999
 0.1624042
 0.16925783
 0.17620546000000001
 0.18257896000000001
 0.18906737000000001
 0.19678295000000001
 0.20658999
 0.21219883
 0.21536062
 0.21375023000000001
 0.21293841999999999
 0.21675926000000001
 0.22250070999999999
 0.21495158
 0.20496823
 0.20383418
 0.19766576999999999
 0.18632145999999999
 0.17493307
 0.16303371
 0.14907506000000001
 0.13202799000000001
 0.11529252
 0.10130535
 0.087985740000000007
 0.073985449999999994
 0.061354760000000001
 0.050788850000000003
 0.040574499999999999
 0.031703450000000001
 0.024875060000000001
 0.018993220000000002
 0.01399478
 0.0098850299999999995
 0.0066071300000000001
 0.0040595600000000003
 0.0017402100000000001
 0.00021018
 0
 0
 0
 0
 0
 0
 0
 0.00039347999999999998
 0.0011765899999999999
 0.0019735299999999998
 0.0028188000000000002
 0.0038118399999999999
 0.00474939
 0.0057510599999999997
 0.0067486400000000002
 0.0076833700000000001
 0.0086398199999999994
 0.0094261999999999992
 0.01018841
 0.01084532
 0.0115534
 0.012101560000000001
 0.01273261
 0.01316463
 0.01369683
 0.014084279999999999
 0.014400939999999999
 0.01478558
 0.015070149999999999
 0.01529227
 0.01547372
 0.015562329999999999
 0.01541432
 0.015260620000000001
 0.01505017
 0.01475598
 0.01450717
 0.01422531
 0.013936280000000001
 0.01356924
 0.01316319


