# Created by Octave 7.3.0, Sat Sep 16 02:24:16 2023 UTC <jovyan@224710f94f77>
# name: C
# type: scalar
5


# name: Cex
# type: matrix
# rows: 45
# columns: 1
 230
 235
 240
 245
 250
 255
 260
 265
 270
 275
 280
 285
 290
 295
 300
 305
 310
 315
 320
 325
 330
 335
 340
 345
 350
 355
 360
 365
 370
 375
 380
 385
 390
 395
 400
 405
 410
 415
 420
 425
 430
 435
 440
 445
 450


# name: Cem
# type: matrix
# rows: 76
# columns: 1
 250
 254
 258
 262
 266
 270
 274
 278
 282
 286
 290
 294
 298
 302
 306
 310
 314
 318
 322
 326
 330
 334
 338
 342
 346
 350
 354
 358
 362
 366
 370
 374
 378
 382
 386
 390
 394
 398
 402
 406
 410
 414
 418
 422
 426
 430
 434
 438
 442
 446
 450
 454
 458
 462
 466
 470
 474
 478
 482
 486
 490
 494
 498
 502
 506
 510
 514
 518
 522
 526
 530
 534
 538
 542
 546
 550


# name: Cex1
# type: matrix
# rows: 45
# columns: 1
 0.151444892
 0.18428476299999999
 0.21488375100000001
 0.24088816800000001
 0.264907858
 0.27308062399999999
 0.25159872
 0.21320676899999999
 0.17455247800000001
 0.14863136099999999
 0.143181369
 0.16028288199999999
 0.19740994100000001
 0.230897185
 0.24904365000000001
 0.25113956399999998
 0.23710968199999999
 0.214267389
 0.19080809400000001
 0.17271563700000001
 0.15603072200000001
 0.14002478700000001
 0.126732079
 0.11147897399999999
 0.095534454000000005
 0.081186307999999999
 0.069199047999999999
 0.056902227999999999
 0.044976442999999998
 0.035366581000000001
 0.026924958999999998
 0.020345219000000001
 0.014743882
 0.0082017310000000003
 0.0033391620000000001
 0
 0
 0
 0
 0
 0
 0
 0
 0
 0


# name: Cem1
# type: matrix
# rows: 76
# columns: 1
 0
 0
 0
 0
 0
 0
 0
 0
 0
 0
 0
 0
 0
 0
 0
 0
 0
 0.0028270629999999999
 0.0071349589999999997
 0.009975958
 0.013308644
 0.018602666
 0.025285842999999999
 0.033053020000000002
 0.041705907
 0.052577000999999998
 0.066665061999999997
 0.083058961000000001
 0.097803072000000005
 0.112757366
 0.12914488800000001
 0.14725507099999999
 0.164509234
 0.18206491499999999
 0.20017486000000001
 0.21554939000000001
 0.228438117
 0.237524228
 0.242743548
 0.245781213
 0.246856776
 0.24327637799999999
 0.236536897
 0.22716493600000001
 0.21494022300000001
 0.20259034200000001
 0.18839758600000001
 0.175595531
 0.16195409799999999
 0.15001640199999999
 0.13840344600000001
 0.12713550700000001
 0.117069781
 0.108070919
 0.099103468
 0.090221835
 0.081432290000000004
 0.074124966
 0.066417212000000003
 0.059832982999999999
 0.054414319000000003
 0.049206936
 0.045154923
 0.041143736
 0.037587875999999999
 0.034771179999999999
 0.032170549
 0.030252508000000001
 0.028421990000000001
 0.026418091000000001
 0.024387167000000001
 0.022480085
 0.020556457
 0.019154206999999999
 0.017572852999999999
 0.016418569000000001


# name: Cex2
# type: matrix
# rows: 45
# columns: 1
 0.57344790800000001
 0.51454878599999998
 0.42813148299999998
 0.31397897800000002
 0.18958652200000001
 0.100799334
 0.067103326000000005
 0.071484438999999997
 0.094550022999999997
 0.118412977
 0.13274051000000001
 0.12521053100000001
 0.086479846999999999
 0.047764582999999999
 0.024177567000000001
 0.0093842950000000008
 0.0035561019999999998
 0.0039815809999999997
 0.0082501399999999996
 0.0096851009999999998
 0.01128671
 0.016143529
 0.017327938000000001
 0.018848297
 0.021147783999999999
 0.019078980999999998
 0.0080136059999999995
 7.2133799999999997e-05
 0
 0
 0
 0
 0
 0
 0
 0
 0
 0
 0
 0
 0
 0
 0
 0
 0


# name: Cem2
# type: matrix
# rows: 76
# columns: 1
 0.014724545
 0.011795666999999999
 0.010448429
 0.0098745329999999996
 0.010615072
 0.011463335999999999
 0.01361296
 0.017037292999999998
 0.019223700999999999
 0.019497803000000001
 0.016112451999999999
 0.010968274
 0.005103354
 0
 0
 0
 0
 0
 0.005781118
 0.015518528
 0.02738262
 0.042399210999999999
 0.062282318000000003
 0.081866060000000004
 0.101207092
 0.118776568
 0.137398409
 0.15321124699999999
 0.16371660800000001
 0.170847638
 0.17549332600000001
 0.18199593999999999
 0.18633372200000001
 0.18957581500000001
 0.192106051
 0.195279393
 0.19755130300000001
 0.197718588
 0.197695278
 0.19858447500000001
 0.195958203
 0.19306652399999999
 0.19110148900000001
 0.18374526999999999
 0.17970040900000001
 0.17146083500000001
 0.164132475
 0.15870809899999999
 0.151153651
 0.14301324300000001
 0.13570796099999999
 0.13028390300000001
 0.124734108
 0.119117391
 0.11326538899999999
 0.107966782
 0.103097112
 0.097195961999999997
 0.093262755000000003
 0.089278304000000003
 0.084859087
 0.080057089999999997
 0.076232005000000005
 0.073885691000000003
 0.070826194999999995
 0.068918769000000005
 0.066398747999999994
 0.064295831999999997
 0.060335672
 0.057669504000000003
 0.054782855999999998
 0.053134559999999997
 0.050947781999999997
 0.049131372
 0.048891401000000001
 0.048820719999999998


# name: Cex3
# type: matrix
# rows: 45
# columns: 1
 0.74809694000000004
 0.53921914500000001
 0.27337403300000002
 0.12584661699999999
 0.097524905999999995
 0.118535532
 0.13338251500000001
 0.115685052
 0.064689972999999998
 0.0061277160000000001
 0
 0
 0
 0
 0
 0.0036204520000000001
 0.0071007279999999997
 0
 0
 0.00065340000000000005
 0.00041073299999999999
 0.00016209800000000001
 1.9579100000000001e-07
 0
 0
 0
 0
 0
 0
 0
 0
 0
 0
 0
 0
 1.5770600000000001e-05
 0.00012666399999999999
 0.000224219
 0.00027291899999999999
 0.000316173
 0.00033610200000000002
 0.00030303600000000002
 0.000310706
 0.00032600800000000003
 0.00032160499999999998


# name: Cem3
# type: matrix
# rows: 76
# columns: 1
 0.044610446999999998
 0.038872467000000001
 0.032849700000000003
 0.028857477999999999
 0.026529321000000002
 0.024566853
 0.026968294
 0.030311389000000001
 0.045521995000000003
 0.061759844000000001
 0.17736553299999999
 0.29268213900000001
 0.360019484
 0.40592477799999999
 0.40547454700000002
 0.36491807999999998
 0.30436693199999998
 0.24251751799999999
 0.18345431500000001
 0.13933532600000001
 0.110604219
 0.10386422300000001
 0.086552281999999994
 0.071227220999999993
 0.053805585000000003
 0.040689318000000002
 0.031548843
 0.022361704
 0.014951300000000001
 0.012509404999999999
 0.0096073900000000004
 0.0056518540000000004
 0.0039019020000000001
 0.0051411499999999997
 0.002701391
 0.0010867470000000001
 0.0015938230000000001
 0
 0.00067483500000000004
 0
 0
 0
 0
 0
 0
 0
 0
 0
 0.00025424300000000003
 0.0049653639999999999
 0.0088766669999999995
 0.012461341000000001
 0.014276908
 0.017491558000000001
 0.021274345
 0.021653616000000001
 0.022757916999999999
 0.022702574
 0.023277448999999999
 0.026248516999999999
 0.030422880999999999
 0.033319979999999999
 0.034531316999999999
 0.034847720999999998
 0.039406803999999997
 0.040318329
 0.037464711999999997
 0.036329314000000001
 0.040049322999999998
 0.039955254000000003
 0.038654550000000003
 0.040170636000000003
 0.042637963000000001
 0.044670289000000002
 0.047540476999999998
 0.057171593


# name: Cex4
# type: matrix
# rows: 45
# columns: 1
 0.42148128299999998
 0.345411833
 0.183879496
 0.092050528000000006
 0.066130276000000002
 0.084693429000000001
 0.151762705
 0.25344963700000001
 0.35180919900000002
 0.40234110099999998
 0.35184227200000001
 0.27449300599999998
 0.19976928099999999
 0.154255115
 0.100188343
 0.050116235000000002
 0.021414103
 0.020174462000000001
 0.0062935220000000002
 0
 0
 0
 0
 0
 0
 0
 0
 0
 0
 0
 0
 0
 0
 0
 0
 0
 0
 0
 0
 0
 0
 0
 0
 0
 0


