# Created by Octave 7.3.0, Sat Sep 16 02:10:43 2023 UTC <jovyan@224710f94f77>
# name: C
# type: scalar
3


# name: Cex
# type: matrix
# rows: 51
# columns: 1
 250
 255
 260
 265
 270
 275
 280
 285
 290
 295
 300
 305
 310
 315
 320
 325
 330
 335
 340
 345
 350
 355
 360
 365
 370
 375
 380
 385
 390
 395
 400
 405
 410
 415
 420
 425
 430
 435
 440
 445
 450
 455
 460
 465
 470
 475
 480
 485
 490
 495
 500


# name: Cem
# type: matrix
# rows: 41
# columns: 1
 280
 286
 292
 298
 304
 310
 316
 322
 328
 334
 340
 346
 352
 358
 364
 370
 376
 382
 388
 394
 400
 406
 412
 418
 424
 430
 436
 442
 448
 454
 460
 466
 472
 478
 484
 490
 496
 502
 508
 514
 520


# name: Cex1
# type: matrix
# rows: 51
# columns: 1
 0.26229000000000002
 0.25958999999999999
 0.25612000000000001
 0.24890999999999999
 0.24043999999999999
 0.22761999999999999
 0.21149999999999999
 0.19555
 0.18104999999999999
 0.16964000000000001
 0.16292999999999999
 0.15958
 0.15853999999999999
 0.15864
 0.15992000000000001
 0.16125
 0.16273000000000001
 0.16328000000000001
 0.16292000000000001
 0.16051000000000001
 0.15915000000000001
 0.15715000000000001
 0.15426000000000001
 0.14973
 0.14374999999999999
 0.13708999999999999
 0.12876000000000001
 0.11988
 0.10915
 0.096769999999999995
 0.086730000000000002
 0.078196000000000002
 0.068867999999999999
 0.061949999999999998
 0.055872999999999999
 0.050410999999999997
 0.044958999999999999
 0.03943
 0.032658
 0.027699999999999999
 0.02462
 0.020122999999999999
 0.015723000000000001
 0.011789000000000001
 0.0089835999999999996
 0.0066169000000000002
 0.0050806000000000002
 0.0031925
 0.0017439000000000001
 0.00071082999999999997
 0.00055838000000000003


# name: Cem1
# type: matrix
# rows: 41
# columns: 1
 0
 0
 0
 0
 0
 0.00071191400000000001
 0.0020982840000000002
 0.0033811840000000002
 0.0066979350000000003
 0.0013860260000000001
 0
 0
 0
 0
 0
 0
 0
 0
 0.0089624990000000005
 0.032547263999999999
 0.061191312999999997
 0.09221211
 0.123562886
 0.15339776199999999
 0.18281201799999999
 0.20626678800000001
 0.22679265600000001
 0.24154975200000001
 0.25241039100000001
 0.26020073100000002
 0.263772175
 0.265207148
 0.26243182100000001
 0.25790253800000001
 0.25278334200000002
 0.24753761899999999
 0.23850866700000001
 0.22786063100000001
 0.21470225200000001
 0.200843835
 0.186754002


# name: Cex2
# type: matrix
# rows: 51
# columns: 1
 0.28394999999999998
 0.26549
 0.24601000000000001
 0.22756000000000001
 0.21445
 0.20682
 0.20477000000000001
 0.20899000000000001
 0.21690000000000001
 0.22331999999999999
 0.22941
 0.23371
 0.23386999999999999
 0.22982
 0.2215
 0.21048
 0.19583
 0.17868999999999999
 0.15989999999999999
 0.14008999999999999
 0.11964
 0.10181
 0.085727999999999999
 0.069961999999999996
 0.053802000000000003
 0.037328
 0.020820000000000002
 0.0076379999999999998
 0
 0
 0
 0
 0
 0
 0
 0
 0
 0
 0
 0
 0
 0
 0
 0
 0
 0
 0
 0
 0
 0
 0


# name: Cem2
# type: matrix
# rows: 41
# columns: 1
 0
 0
 0
 0
 0
 0
 0
 0
 0
 0.020436487999999999
 0.047610172999999999
 0.075628739
 0.11536553099999999
 0.15709002399999999
 0.20544562399999999
 0.24367192800000001
 0.28379359799999998
 0.31308023400000001
 0.32792146599999999
 0.323131575
 0.31012629200000003
 0.29044895900000001
 0.26153201700000001
 0.23615050800000001
 0.212963876
 0.18808251400000001
 0.16221287500000001
 0.13626729600000001
 0.112303114
 0.090704537000000002
 0.071264727999999999
 0.053800718999999997
 0.038778621999999999
 0.025769957999999999
 0.014252829
 0.004698097
 0
 0
 0
 0
 0


# name: Cex3
# type: matrix
# rows: 51
# columns: 1
 0.30563000000000001
 0.27071000000000001
 0.26584000000000002
 0.28187000000000001
 0.31524000000000002
 0.34209000000000001
 0.35082000000000002
 0.33321000000000001
 0.28943000000000002
 0.24171000000000001
 0.19975999999999999
 0.16009999999999999
 0.12112000000000001
 0.081045000000000006
 0.053208999999999999
 0.026773000000000002
 0.012699
 0.0015379
 0
 0
 0
 0
 0
 0
 0
 0
 0
 0
 0
 0
 0
 0
 0
 0
 0
 0
 0
 0
 0
 0
 0
 0
 5.2800000000000003e-05
 0.00011058
 0.00014794
 0.00016677
 0.00013133
 0.00011040999999999999
 8.1699999999999994e-05
 4.18e-05
 4.1e-05


# name: Cem3
# type: matrix
# rows: 41
# columns: 1
 0.14208964599999999
 0.15790723300000001
 0.20577768399999999
 0.26519168199999998
 0.284181933
 0.29466452700000001
 0.31076494999999998
 0.31694695899999997
 0.31110618400000001
 0.280935924
 0.26993877100000002
 0.24233828499999999
 0.22614210900000001
 0.20050364000000001
 0.175819532
 0.147083983
 0.117539752
 0.085207260000000007
 0.056669822000000002
 0.034767996000000002
 0.016015734
 0
 0
 0
 0
 0
 0
 0
 0
 0
 0
 0
 0
 0.000104376
 0.0049240400000000002
 0.0081044270000000009
 0.010493242999999999
 0.010403058
 0.0096784520000000006
 0.010789751
 0.011043004


