# Created by Octave 7.3.0, Mon Oct 30 00:13:39 2023 UTC <jovyan@224710f94f77>
# name: C
# type: scalar
6


# name: Cex
# type: matrix
# rows: 13
# columns: 1
 250
 270
 290
 310
 330
 350
 370
 390
 410
 430
 450
 470
 490


# name: Cem
# type: matrix
# rows: 81
# columns: 1
 280
 284
 288
 292
 296
 300
 304
 308
 312
 316
 320
 324
 328
 332
 336
 340
 344
 348
 352
 356
 360
 364
 368
 372
 376
 380
 384
 388
 392
 396
 400
 404
 408
 412
 416
 420
 424
 428
 432
 436
 440
 444
 448
 452
 456
 460
 464
 468
 472
 476
 480
 484
 488
 492
 496
 500
 504
 508
 512
 516
 520
 524
 528
 532
 536
 540
 544
 548
 552
 556
 560
 564
 568
 572
 576
 580
 584
 588
 592
 596
 600


# name: Cex1
# type: matrix
# rows: 13
# columns: 1
 0.567227747
 0.427021437
 0.29284484799999999
 0.28054221000000001
 0.31174289900000002
 0.32860118999999999
 0.30077923000000001
 0.17316453400000001
 0.075180096000000002
 0.013221724000000001
 0
 0
 0


# name: Cem1
# type: matrix
# rows: 81
# columns: 1
 0
 0
 0
 0
 0
 0
 0
 0
 0
 0
 0
 0
 0
 0
 0
 0.001486018
 0.0031674960000000001
 0.003317923
 0.0016168739999999999
 0.00021027400000000001
 0
 0
 0
 0
 0
 0
 0
 0.0067341160000000001
 0.0090549410000000004
 0.02381484
 0.039062230000000003
 0.055804017999999997
 0.073462396999999999
 0.090357872000000006
 0.108587425
 0.12629933700000001
 0.14358616299999999
 0.160907567
 0.17476530400000001
 0.19225822300000001
 0.20938287899999999
 0.21896859900000001
 0.22656215699999999
 0.23017680099999999
 0.22836012999999999
 0.22711520800000001
 0.22481704699999999
 0.22196339800000001
 0.214535385
 0.20809358
 0.20121083300000001
 0.19281013399999999
 0.183878443
 0.17739173499999999
 0.168049857
 0.157867797
 0.14756989300000001
 0.138261261
 0.13078442600000001
 0.122235829
 0.113891958
 0.103977685
 0.094551129999999997
 0.090096915999999999
 0.083152703999999994
 0.077037143000000002
 0.070707068999999997
 0.064868523999999997
 0.059016686999999998
 0.054091884
 0.049151532999999997
 0.045293847999999998
 0.041416749000000003
 0.034993051999999997
 0.031473866000000003
 0.028667834999999999
 0.026047864
 0.023551141000000001
 0.021301528
 0.024406108999999999
 0.022403395999999999


# name: Cex2
# type: matrix
# rows: 13
# columns: 1
 0.80298449800000005
 0.50327391700000002
 0.24541549700000001
 0.16858788499999999
 0.109706334
 0.034908172000000001
 0
 0
 0.0037468530000000001
 0.0035384489999999999
 0
 0
 0


# name: Cem2
# type: matrix
# rows: 81
# columns: 1
 2.5948500000000002e-07
 2.5948500000000002e-07
 2.5948500000000002e-07
 0
 0
 0
 0
 0
 0.0094793800000000008
 0.0054745269999999999
 0.0084016809999999994
 0.011086492999999999
 0.012195053000000001
 0
 0
 0
 0
 0.0025421049999999998
 0.012978735999999999
 0.026576665999999999
 0.039508156000000003
 0.054849666999999998
 0.068899202000000007
 0.085191140999999998
 0.10030273300000001
 0.116470068
 0.13354402900000001
 0.14466242600000001
 0.15925537200000001
 0.162937149
 0.166543152
 0.16910422
 0.17031491000000001
 0.171957097
 0.17320840300000001
 0.17382456900000001
 0.17367467
 0.17367898100000001
 0.17284745800000001
 0.16943528299999999
 0.16217060599999999
 0.160674758
 0.15635239200000001
 0.15534995800000001
 0.15615167999999999
 0.15722694200000001
 0.157941527
 0.15472314100000001
 0.15670345899999999
 0.156592231
 0.155743085
 0.154549663
 0.152805304
 0.154868756
 0.15071448000000001
 0.14969432699999999
 0.14404197999999999
 0.141148459
 0.13761989099999999
 0.133095564
 0.12935481300000001
 0.11177152
 0.091487223000000006
 0.10791761499999999
 0.099218801999999995
 0.098687405000000006
 0.091904436000000006
 0.084929692000000001
 0.074202022000000006
 0.072684584999999996
 0.064877087
 0.056676205
 0.048999284999999997
 0.02575614
 0.021019313000000001
 0.015017244000000001
 0.012216827
 0.006962312
 0.004568707
 0.027560880999999999
 0.025664863


# name: Cex3
# type: matrix
# rows: 13
# columns: 1
 0.48781470799999999
 0.27584926700000001
 0.41478749100000001
 0.49704371200000003
 0.43051568600000001
 0.27467102900000001
 0.077807415000000005
 0
 0
 0
 0.00073454
 0.00064426100000000003
 0


# name: Cem3
# type: matrix
# rows: 81
# columns: 1
 0
 0
 0
 0
 0
 0
 0
 0
 0
 0
 0
 0
 0
 0.013605893000000001
 0.014630545999999999
 0.022005888000000001
 0.035654859999999997
 0.05334179
 0.072163620999999997
 0.087417531000000007
 0.10642289200000001
 0.126609892
 0.149035526
 0.16566508399999999
 0.189474526
 0.21046774500000001
 0.23155520099999999
 0.24590463300000001
 0.261274122
 0.26174895599999998
 0.26179994699999998
 0.25647371299999999
 0.24956884300000001
 0.24239739900000001
 0.23151273999999999
 0.22099163199999999
 0.20735522200000001
 0.19323576000000001
 0.181340801
 0.161346347
 0.13957197199999999
 0.120851877
 0.10456375399999999
 0.088107367000000006
 0.072532736
 0.058003358999999997
 0.046930687999999998
 0.03535692
 0.028053907999999999
 0.020180855000000001
 0.014811651
 0.010822168
 0.0073811420000000003
 0.0025313430000000001
 0.00098461699999999991
 0
 0
 0
 0
 0
 0.00034916100000000001
 0.0073819289999999997
 0.014605875000000001
 0.0081037850000000005
 0.011222021
 0.011092072999999999
 0.013835195999999999
 0.015589023
 0.018600268999999999
 0.018246562000000001
 0.020440729000000001
 0.020274661999999999
 0.021026120999999998
 0.032124383999999999
 0.033010602999999999
 0.034056537999999997
 0.033307020999999999
 0.033442120999999998
 0.033631517
 0.021917926000000001
 0.022115565


# name: Cex4
# type: matrix
# rows: 13
# columns: 1
 0.33345045600000001
 0.450484457
 0.42249435800000001
 0.26357470999999999
 0.201552694
 0.205706952
 0.27071096300000003
 0.297901415
 0.28406428900000003
 0.244995923
 0.16973322800000001
 0.124075145
 0.089517526


# name: Cem4
# type: matrix
# rows: 81
# columns: 1
 0
 0
 0
 0
 0
 0
 0
 0
 0
 0
 0
 0
 0
 0.00040579499999999997
 0.0022904430000000001
 0.0018563780000000001
 0.00027900599999999999
 0
 0
 0.00071262400000000003
 0
 0
 0
 0
 0
 0
 0
 0
 0
 0
 0
 0
 0
 0
 0
 0
 0
 0
 0
 0
 0.0036027870000000001
 0.012288958000000001
 0.020475607999999999
 0.035219687999999999
 0.061184175
 0.082394798000000005
 0.098288919000000002
 0.11494660600000001
 0.13428812300000001
 0.151181335
 0.16289104800000001
 0.17394773799999999
 0.18485601900000001
 0.18800776399999999
 0.19498660100000001
 0.20057652100000001
 0.20541135499999999
 0.207058468
 0.204282677
 0.20514317300000001
 0.20468941800000001
 0.2043768
 0.20367158199999999
 0.19748553399999999
 0.19377016699999999
 0.18903511000000001
 0.185527102
 0.18001445399999999
 0.17446852500000001
 0.16814480200000001
 0.161779958
 0.154283433
 0.14713824
 0.14254053799999999
 0.13619883899999999
 0.12968294299999999
 0.123220881
 0.117249776
 0.111819791
 0.099107090999999994
 0.094297593999999998


# name: Cex5
# type: matrix
# rows: 13
# columns: 1
 0.46099817999999998
 0.67370320299999997
 0.54096491999999996
 0.20238974000000001
 0
 0
 0.000144628
 0
 0
 0
 0
 0
 0


