# Created by Octave 7.3.0, Mon Sep 04 23:39:04 2023 UTC <jovyan@224710f94f77>
# name: C
# type: scalar
4


# name: Cex
# type: matrix
# rows: 121
# columns: 1
 240
 243
 246
 249
 252
 255
 258
 261
 264
 267
 270
 273
 276
 279
 282
 285
 288
 291
 294
 297
 300
 303
 306
 309
 312
 315
 318
 321
 324
 327
 330
 333
 336
 339
 342
 345
 348
 351
 354
 357
 360
 363
 366
 369
 372
 375
 378
 381
 384
 387
 390
 393
 396
 399
 402
 405
 408
 411
 414
 417
 420
 423
 426
 429
 432
 435
 438
 441
 444
 447
 450
 453
 456
 459
 462
 465
 468
 471
 474
 477
 480
 483
 486
 489
 492
 495
 498
 501
 504
 507
 510
 513
 516
 519
 522
 525
 528
 531
 534
 537
 540
 543
 546
 549
 552
 555
 558
 561
 564
 567
 570
 573
 576
 579
 582
 585
 588
 591
 594
 597
 600


# name: Cem
# type: matrix
# rows: 153
# columns: 1
 247
 249
 252
 254
 256
 258
 261
 263
 265
 267
 270
 272
 274
 276
 279
 281
 283
 286
 288
 290
 292
 295
 297
 299
 301
 304
 306
 308
 310
 313
 315
 317
 320
 322
 324
 326
 329
 331
 333
 335
 338
 340
 342
 345
 347
 349
 351
 354
 356
 358
 361
 363
 365
 367
 370
 372
 374
 377
 379
 381
 384
 386
 388
 390
 393
 395
 397
 400
 402
 404
 407
 409
 411
 413
 416
 418
 420
 423
 425
 427
 430
 432
 434
 437
 439
 441
 443
 446
 448
 450
 453
 455
 457
 460
 462
 464
 467
 469
 471
 474
 476
 478
 481
 483
 485
 488
 490
 492
 495
 497
 499
 502
 504
 506
 509
 511
 513
 516
 518
 520
 523
 525
 527
 530
 532
 534
 537
 539
 541
 544
 546
 548
 551
 553
 555
 558
 560
 562
 565
 567
 570
 572
 574
 577
 579
 581
 584
 586
 588
 591
 593
 595
 598


# name: Cex1
# type: matrix
# rows: 121
# columns: 1
 0.131387117
 0.11578548399999999
 0.110895536
 0.132010288
 0.15907026399999999
 0.17785034399999999
 0.20431724100000001
 0.22593054900000001
 0.24949115699999999
 0.26826140199999998
 0.280451913
 0.26755140100000002
 0.269681434
 0.28305448
 0.28630165099999999
 0.26199165099999999
 0.250027787
 0.23720593600000001
 0.18888189599999999
 0.159417855
 0.12966802599999999
 0.046054053999999997
 0.035236247999999998
 0.026743357999999998
 0.025013744000000001
 0.018211782999999999
 0.013806864
 0.0074120749999999997
 0.0036979220000000002
 0
 0
 0
 0
 0
 0
 0
 0
 0
 0
 0
 0
 0
 0
 0
 0
 0
 0
 0
 0
 0
 0
 0
 0
 0
 0
 0
 0
 0
 0
 0
 0
 0
 0
 0
 0
 0
 0
 0
 0
 0
 0
 0
 0
 0
 0
 0
 0
 0
 0
 0
 0
 0
 0
 0
 0
 0
 0
 0
 0
 0
 0
 0
 0
 0
 0
 0
 0
 0
 0
 0
 0
 0
 0
 0
 0
 0
 0
 0
 0
 0
 0
 0
 0
 4.1041999999999996e-06
 2.3136200000000001e-05
 2.40988e-05
 2.2709199999999999e-05
 2.3529100000000001e-05
 2.3873400000000001e-05
 2.4312100000000001e-05
 0


# name: Cem1
# type: matrix
# rows: 153
# columns: 1
 0.017421862999999999
 0.025265350999999998
 0.030217249000000002
 0.034977464999999999
 0.040556912000000001
 0.049571003000000002
 0.053688366000000001
 0.061728138000000002
 0.071192913999999996
 0.080750797999999999
 0.085046016000000002
 0.091532952000000001
 0.091443207999999998
 0.090932578
 0.093887975999999998
 0.096294879999999999
 0.102394839
 0.10468292999999999
 0.107018364
 0.107204779
 0.116828919
 0.119154171
 0.124266405
 0.123730302
 0.129127621
 0.13266461600000001
 0.13953892300000001
 0.14463490000000001
 0.150579308
 0.15006991
 0.15086539600000001
 0.15783583100000001
 0.16564842599999999
 0.17386616899999999
 0.184881398
 0.18547212599999999
 0.18827773
 0.191474282
 0.19697677199999999
 0.20248290199999999
 0.20003005400000001
 0.198634327
 0.190649395
 0.18848308499999999
 0.181362886
 0.17503211299999999
 0.16426374099999999
 0.149285009
 0.139339924
 0.12911794400000001
 0.11384675
 0.104996458
 0.093240275999999997
 0.085419421999999995
 0.079736199999999993
 0.066107165999999995
 0.066652947000000004
 0.056441686999999997
 0.051405682000000001
 0.044903388000000002
 0.038955730000000001
 0.033989037999999999
 0.032192894
 0.024048397999999999
 0.025326286999999999
 0.020644129000000001
 0.017210509999999998
 0.014842559999999999
 0.015358942
 0.011894449
 0.01121481
 0.012223269
 0.013445317
 0.012299442000000001
 0.012990827
 0.011742083
 0.0097043770000000001
 0.013302400000000001
 0.011250418
 0.014265480000000001
 0.010784884
 0.016467442999999998
 0.012827791999999999
 0.016554414
 0.015349181
 0.013206465000000001
 0.013300012999999999
 0.016946935999999999
 0.018829485999999999
 0.012915510999999999
 0.016161971000000001
 0.017012696000000001
 0.014760554
 0.014597194000000001
 0.014398169000000001
 0.013068382999999999
 0.012731395
 0.011274119000000001
 0.011843632
 0.0099437699999999993
 0.0099407209999999996
 0.0082596270000000003
 0.0082992229999999997
 0.0073473319999999998
 0.004683329
 0.0049699649999999998
 0.00297161
 0.00095012299999999998
 0.001196403
 0
 0
 0
 0
 0
 0
 0
 0
 0
 0
 0
 0
 0
 0
 0
 0
 0
 0
 0
 0
 0
 0
 0
 0
 0
 0
 0
 0
 0
 0
 0
 0
 0
 0
 0.001011559
 0.000412476
 0.0013376729999999999
 0.0030531740000000001
 0.0028845279999999999
 0.0035299730000000001
 0.0028494760000000001
 0.004220512
 0.0040114310000000002
 0.0041368860000000002


# name: Cex2
# type: matrix
# rows: 121
# columns: 1
 0.15362522300000001
 0.15897436100000001
 0.168443545
 0.16669009500000001
 0.17624404599999999
 0.16445762
 0.15347992599999999
 0.145908123
 0.13790452
 0.13453516500000001
 0.134312138
 0.137493595
 0.13841980400000001
 0.14098328299999999
 0.14647349500000001
 0.158656295
 0.16384289499999999
 0.16908646399999999
 0.17686677200000001
 0.179143359
 0.18531255299999999
 0.20236712300000001
 0.204436479
 0.20807873399999999
 0.20866672
 0.209590424
 0.20818799299999999
 0.201392975
 0.190934671
 0.180123276
 0.16443075900000001
 0.14940372499999999
 0.13732664
 0.117578033
 0.099273096000000005
 0.08838567
 0.070869873999999999
 0.061352263999999997
 0.047254962999999997
 0.034313965000000002
 0.024385123000000002
 0.016300163999999999
 0.0075358329999999996
 0.001172925
 0
 0
 0
 0
 0
 0
 0
 0
 0
 0
 0
 0
 0
 0
 0
 0
 0
 0
 0
 0
 0
 0
 0
 0
 0
 0
 0
 0
 0
 0
 0
 0
 0
 0
 0
 0
 0
 0
 0
 0
 0
 0
 0
 0
 0
 0
 0
 0
 0
 0
 0
 0
 0
 0
 0
 0
 0
 0
 0
 0
 0
 0
 0
 0
 0
 0
 0
 0
 0
 0
 0
 0
 0
 0
 0
 0
 0


