# Created by Octave 7.3.0, Mon Oct 30 00:09:53 2023 UTC <jovyan@224710f94f77>
# name: C
# type: scalar
5


# name: Cex
# type: matrix
# rows: 43
# columns: 1
 240
 245
 250
 255
 260
 265
 270
 275
 280
 285
 290
 295
 300
 305
 310
 315
 320
 325
 330
 335
 340
 345
 350
 355
 360
 365
 370
 375
 380
 385
 390
 395
 400
 405
 410
 415
 420
 425
 430
 435
 440
 445
 450


# name: Cem
# type: matrix
# rows: 183
# columns: 1
 233
 235
 237
 239
 241
 243
 245
 247
 249
 251
 253
 255
 257
 259
 261
 263
 265
 267
 269
 271
 273
 275
 277
 279
 281
 283
 285
 287
 289
 291
 293
 295
 297
 299
 301
 303
 305
 307
 309
 311
 313
 315
 317
 319
 321
 323
 325
 327
 329
 331
 333
 335
 337
 339
 341
 343
 345
 347
 349
 351
 353
 355
 357
 359
 361
 363
 365
 367
 369
 371
 373
 375
 377
 379
 381
 383
 385
 387
 389
 391
 393
 395
 397
 399
 401
 403
 405
 407
 409
 411
 413
 415
 417
 419
 421
 423
 425
 427
 429
 431
 433
 435
 437
 439
 441
 443
 445
 447
 449
 451
 453
 455
 457
 459
 461
 463
 465
 467
 469
 471
 473
 475
 477
 479
 481
 483
 485
 487
 489
 491
 493
 495
 497
 499
 501
 503
 505
 507
 509
 511
 513
 515
 517
 519
 521
 523
 525
 527
 529
 531
 533
 535
 537
 539
 541
 543
 545
 547
 549
 551
 553
 555
 557
 559
 561
 563
 565
 567
 569
 571
 573
 575
 577
 579
 581
 583
 585
 587
 589
 591
 593
 595
 597


# name: Cex1
# type: matrix
# rows: 43
# columns: 1
 0.33156759699999999
 0.32036731600000001
 0.30265231199999998
 0.282156711
 0.25918454899999999
 0.22741201
 0.20116652700000001
 0.17728057699999999
 0.158953284
 0.15235222500000001
 0.143341893
 0.143401627
 0.14985643200000001
 0.15160987000000001
 0.153472779
 0.158455443
 0.16093796499999999
 0.159297942
 0.15769467700000001
 0.155560648
 0.153570555
 0.14627779699999999
 0.13544017799999999
 0.12624260100000001
 0.121029264
 0.11330456
 0.102471676
 0.089001619000000004
 0.072596955000000005
 0.060480760000000001
 0.050708509999999998
 0.043224071000000003
 0.035250741000000002
 0.027975719
 0.021479531999999999
 0.015619352
 0.010085841999999999
 0.0045776790000000003
 0
 0
 0
 0
 0


# name: Cem1
# type: matrix
# rows: 183
# columns: 1
 0
 0
 0
 0
 0
 0
 0
 0
 0
 0
 0
 0
 0
 0
 0
 0
 0
 0
 6.2799999999999995e-05
 0
 0.000427119
 0
 0.00026255700000000001
 0.000368568
 4.6400000000000003e-05
 0
 0.00065848000000000002
 0.00028518100000000002
 0
 0
 0
 0
 0
 0
 0
 0
 0
 0
 0
 0
 0.00046272400000000002
 0.00064874500000000005
 0.0011758039999999999
 0.00076014599999999996
 0.001061792
 0.0020637569999999998
 0.002618591
 0.001631504
 0.0033545559999999999
 0.0046064690000000002
 0
 0.0037772919999999998
 0.0035441890000000001
 0
 0
 0
 0
 0
 0
 0
 0
 0
 0
 0
 0
 0
 0
 0
 0
 0
 0
 0
 0
 0
 0.0031005160000000002
 0.0093534929999999992
 0.020189085999999998
 0.026609655999999999
 0.034028619000000003
 0.042500254000000001
 0.051046868000000002
 0.058431660000000003
 0.067633675000000004
 0.074023860999999996
 0.081935587000000004
 0.089594023999999994
 0.096152090999999995
 0.10354305599999999
 0.11162520500000001
 0.11718870300000001
 0.12417412799999999
 0.13041792099999999
 0.138470334
 0.14553181700000001
 0.15136301099999999
 0.159181079
 0.16417685800000001
 0.169770961
 0.17530295500000001
 0.180446368
 0.18565418
 0.190259822
 0.193849195
 0.19498279399999999
 0.197168397
 0.19725379500000001
 0.19360932
 0.19362887600000001
 0.18984520999999999
 0.18269838799999999
 0.17931070700000001
 0.17037585899999999
 0.16080635500000001
 0.15089577300000001
 0.14211046099999999
 0.131603057
 0.12464805299999999
 0.11763607600000001
 0.112321059
 0.106825873
 0.10252676500000001
 0.10037488999999999
 0.097253047999999995
 0.093687298000000002
 0.090132704999999994
 0.08805048
 0.084179278999999996
 0.080212151999999995
 0.076436321000000002
 0.072064454
 0.067537207000000002
 0.064451848000000006
 0.059853376
 0.055824977999999997
 0.051415787999999997
 0.047784814000000002
 0.043987117999999999
 0.038990058000000001
 0.036315225
 0.032494604000000003
 0.029177231000000001
 0.025298207999999999
 0.021357521000000001
 0.023364321
 0.020544537000000002
 0.019564610999999999
 0.017760452999999999
 0.013655110999999999
 0.0076237759999999996
 0.010704551
 0.010060418
 0.0015456319999999999
 0
 0
 0
 0
 0
 0
 0
 0
 0
 0
 0
 0
 0
 0
 0
 0
 0
 0
 0
 0
 0
 0
 0
 0
 0
 0
 0
 0
 0
 0
 0


# name: Cex2
# type: matrix
# rows: 43
# columns: 1
 0.28431851400000002
 0.28267619900000002
 0.27211043699999998
 0.26926325299999998
 0.26242923000000001
 0.25222565600000002
 0.23838964700000001
 0.21826752399999999
 0.19683779000000001
 0.18305838199999999
 0.16344076499999999
 0.15160675100000001
 0.14559432
 0.13576504
 0.12854738399999999
 0.12717542500000001
 0.12622085399999999
 0.123658727
 0.12297127200000001
 0.12332130299999999
 0.125043714
 0.123525486
 0.120223727
 0.118482876
 0.121526287
 0.12248394999999999
 0.120215215
 0.11482026200000001
 0.107631042
 0.102154205
 0.097659860000000001
 0.093355960000000002
 0.087109826000000001
 0.078811931000000002
 0.073584184999999996
 0.068368393999999999
 0.063918826999999998
 0.060881935999999998
 0.056446278000000003
 0.051264274999999998
 0.046274966000000001
 0.042139277000000003
 0.037970076999999998


# name: Cem2
# type: matrix
# rows: 183
# columns: 1
 0
 0
 0
 0
 0
 0
 0
 0
 0
 0
 0
 0
 0
 0
 0
 0
 0
 0
 0.00030039500000000001
 8.5699999999999996e-05
 2.4600000000000002e-05
 0.000757539
 0.00049709000000000005
 0
 0
 0
 0
 0.00075750600000000002
 0
 0
 0
 0
 0
 0
 0
 0
 0
 0
 0
 0
 0
 0
 0
 0
 0
 0
 0
 0
 0
 0
 0.0010273540000000001
 0
 0
 0.00084652200000000005
 0.002268833
 0.0033131200000000001
 0.0025217740000000001
 0.0016911439999999999
 0.001854545
 0
 0
 0
 0
 0
 0
 0
 0
 0
 0
 0
 0
 0
 0.00044694400000000001
 0.0028749610000000001
 0.0023942770000000002
 0.002678241
 0
 0
 0
 0
 0
 0
 0
 0
 0
 0
 0
 0
 0
 0
 0
 0
 0
 0
 0
 0
 0
 0
 0
 6.4700000000000001e-05
 0.00026516099999999998
 0.00012081199999999999
 0.001323348
 0.004477684
 0.0063727200000000001
 0.010718165
 0.018377711000000001
 0.023074219
 0.031043807
 0.041717145999999997
 0.047857275999999997
 0.058787688999999997
 0.069258541000000007
 0.078878508999999999
 0.087470996999999995
 0.096771512000000004
 0.10164904800000001
 0.106612204
 0.10919570000000001
 0.11228273
 0.115226825
 0.11523228100000001
 0.117674169
 0.118724529
 0.12063470900000001
 0.120635782
 0.123482697
 0.126311018
 0.128256914
 0.13132712399999999
 0.13490202500000001
 0.13574040600000001
 0.13925667899999999
 0.141115514
 0.14331970999999999
 0.144518443
 0.14542643599999999
 0.147584775
 0.14746019399999999
 0.14868637700000001
 0.15033107000000001
 0.15127749800000001
 0.15202645300000001
 0.14596864900000001
 0.14620123300000001
 0.14555725899999999
 0.14415707899999999
 0.14468826600000001
 0.14685298299999999
 0.14081560000000001
 0.13997014399999999
 0.14295069399999999
 0.14145364199999999
 0.13789089500000001
 0.13466698499999999
 0.13317646
 0.130898022
 0.12747360899999999
 0.124886859
 0.120942907
 0.11791272699999999
 0.114441688
 0.11202942
 0.10701617099999999
 0.104396471
 0.102302481
 0.098017844000000007
 0.095541044000000006
 0.092196163999999997
 0.086949147000000004
 0.083581688000000001
 0.080365958000000001
 0.078130847000000003
 0.076305603999999999
 0.074032803999999994
 0.069747239000000003
 0.066954045000000004
 0.064512958999999995
 0.062213169999999998
 0.062285305999999999
 0.061186907999999998
 0.057160912000000001
 0.056142055000000003


