# Created by Octave 7.3.0, Mon Oct 30 00:05:28 2023 UTC <jovyan@224710f94f77>
# name: C
# type: scalar
6


# name: Cex
# type: matrix
# rows: 67
# columns: 1
 252
 255
 258
 261
 264
 267
 270
 273
 276
 279
 282
 285
 288
 291
 294
 297
 300
 303
 306
 309
 312
 315
 318
 321
 324
 327
 330
 333
 336
 339
 342
 345
 348
 351
 354
 357
 360
 363
 366
 369
 372
 375
 378
 381
 384
 387
 390
 393
 396
 399
 402
 405
 408
 411
 414
 417
 420
 423
 426
 429
 432
 435
 438
 441
 444
 447
 450


# name: Cem
# type: matrix
# rows: 182
# columns: 1
 300
 302
 304
 305
 307
 308
 310
 312
 313
 315
 317
 318
 320
 321
 323
 325
 326
 328
 329
 331
 333
 334
 336
 338
 339
 341
 342
 344
 346
 347
 349
 351
 352
 354
 355
 357
 359
 360
 362
 364
 365
 367
 368
 370
 372
 373
 375
 377
 378
 380
 381
 383
 385
 386
 388
 390
 391
 393
 395
 396
 398
 399
 401
 403
 404
 406
 408
 409
 411
 413
 414
 416
 418
 419
 421
 423
 424
 426
 427
 429
 431
 432
 434
 436
 437
 439
 441
 442
 444
 446
 447
 449
 451
 452
 454
 456
 457
 459
 461
 462
 464
 465
 467
 469
 470
 472
 474
 475
 477
 479
 480
 482
 484
 485
 487
 489
 490
 492
 494
 495
 497
 499
 500
 502
 504
 505
 507
 509
 510
 512
 514
 515
 517
 519
 520
 522
 524
 525
 527
 529
 530
 532
 534
 535
 537
 539
 540
 542
 544
 545
 547
 549
 551
 552
 554
 556
 557
 559
 561
 562
 564
 566
 567
 569
 571
 572
 574
 576
 577
 579
 581
 582
 584
 586
 587
 589
 591
 592
 594
 596
 598
 599


# name: Cex1
# type: matrix
# rows: 67
# columns: 1
 0.27228609399999998
 0.25727035300000001
 0.23844970900000001
 0.21803685
 0.19880651699999999
 0.18167570999999999
 0.16676770199999999
 0.157862315
 0.15197158899999999
 0.148957653
 0.148789011
 0.15040415700000001
 0.15403144799999999
 0.15841926100000001
 0.16319001
 0.16801371900000001
 0.172625431
 0.17637809900000001
 0.178873213
 0.179124277
 0.177326187
 0.174071014
 0.16931046199999999
 0.163619187
 0.15757790699999999
 0.15131317599999999
 0.14531292100000001
 0.13902989299999999
 0.13268574499999999
 0.12547581099999999
 0.117763204
 0.11022041
 0.10231707700000001
 0.093799459000000002
 0.085216048000000003
 0.075539628999999997
 0.066222126000000006
 0.057380735000000002
 0.048996054999999997
 0.040930789000000002
 0.033705844999999998
 0.026560698000000001
 0.020335562000000001
 0.014520507
 0.0096525120000000002
 0.0051064910000000003
 0.001343941
 0
 0
 0
 0
 0
 0
 0
 0
 0
 0
 0
 0
 0
 0
 0.00031548999999999998
 0
 0
 0
 0
 0


# name: Cem1
# type: matrix
# rows: 182
# columns: 1
 2.8147400000000002e-06
 0.00011848100000000001
 0.00051139100000000004
 0
 0.00029523599999999999
 0.00070244899999999996
 0.00064421900000000002
 0.00042439700000000002
 0
 0
 0.000306571
 0
 0.00024729500000000002
 0
 0
 0
 0
 0
 0
 0
 0
 0
 0
 0
 0
 0
 0
 0
 0
 0
 0
 0
 0.00082879799999999995
 0
 0.0017382610000000001
 0.0019781920000000001
 0.0056075689999999997
 0.0072004199999999999
 0.012947544
 0.017026176000000001
 0.020972458999999999
 0.023439120000000001
 0.026820658000000001
 0.032427534000000001
 0.035594569
 0.040007573999999997
 0.045501831999999999
 0.050548597000000001
 0.053752002
 0.060744010000000001
 0.066750650999999994
 0.07274485
 0.077475934999999996
 0.084683683999999995
 0.089670433999999993
 0.095432025000000004
 0.10062302400000001
 0.108891584
 0.115510813
 0.118778594
 0.12411644099999999
 0.12569338899999999
 0.13133736900000001
 0.13236119499999999
 0.13709743799999999
 0.138461532
 0.141897511
 0.142818586
 0.145079399
 0.145667777
 0.14821541999999999
 0.149537752
 0.14775207400000001
 0.148931482
 0.150193732
 0.149979011
 0.14817849299999999
 0.147294021
 0.14506160900000001
 0.144612502
 0.141263167
 0.14113231900000001
 0.14040842100000001
 0.138603949
 0.136356644
 0.134381
 0.132694173
 0.130003755
 0.12620024499999999
 0.12427366400000001
 0.12208087200000001
 0.119241707
 0.117383142
 0.115006092
 0.11338740999999999
 0.110881095
 0.108691604
 0.106602329
 0.10374810900000001
 0.100876727
 0.098380357000000002
 0.096218073000000001
 0.091987685999999999
 0.090293445999999999
 0.087310565000000007
 0.083977497999999998
 0.083720185000000003
 0.080718237999999998
 0.078688610000000006
 0.075880859999999994
 0.074392719999999996
 0.073155316999999997
 0.070738665000000006
 0.068874828999999999
 0.066664958999999996
 0.065133283
 0.064413570000000003
 0.061839791999999998
 0.060722063
 0.057398112000000001
 0.055998122999999997
 0.054468923000000002
 0.053826666000000002
 0.052675703999999997
 0.051269875999999999
 0.048761620999999998
 0.048087302999999998
 0.047034561000000003
 0.046041410999999997
 0.044410643999999999
 0.043453865000000001
 0.041766231000000001
 0.040688671000000003
 0.041599801999999998
 0.040075328
 0.039828931999999997
 0.039246401
 0.038518579999999997
 0.035691107
 0.034905441000000002
 0.034449348999999997
 0.032751006999999999
 0.031939712000000002
 0.031656034
 0.031488896000000002
 0.028661665999999999
 0.028846978999999998
 0.027995683
 0.027455164000000001
 0.027306015999999999
 0.026048994999999998
 0.025956895000000001
 0.024416658000000001
 0.024178117999999998
 0.023660651000000001
 0.023017076000000001
 0.022997890999999999
 0.021959818999999998
 0.021230914
 0.020712753
 0.020023164
 0.019641082000000001
 0.018743602000000002
 0.017139699000000001
 0.017876052
 0.017078675000000001
 0.016294514999999999
 0.015762583
 0.015135179
 0.014738328
 0.014193302
 0.012838439
 0.013176512
 0.012908657
 0.012375949000000001
 0.012496594
 0.012685030999999999
 0.011440109
 0.011522047000000001
 0.011106519
 0.011712924
 0.010939137


# name: Cex2
# type: matrix
# rows: 67
# columns: 1
 0.226438793
 0.21662250699999999
 0.21180302200000001
 0.20932234299999999
 0.19823757
 0.18673468900000001
 0.17820291399999999
 0.16655476599999999
 0.154076722
 0.14146950599999999
 0.12908376899999999
 0.11858189099999999
 0.10892260400000001
 0.100021953
 0.092800503000000006
 0.087341403999999997
 0.083677185000000001
 0.082117995999999999
 0.082933424000000006
 0.084843541999999994
 0.088587013000000006
 0.092588470000000006
 0.098012878999999997
 0.103813681
 0.109827933
 0.11594987299999999
 0.121345971
 0.12733818999999999
 0.132639695
 0.13792295399999999
 0.141413444
 0.14401422
 0.145182162
 0.147199474
 0.149170051
 0.153349925
 0.156964728
 0.159406412
 0.15994641400000001
 0.158470111
 0.15582712200000001
 0.151599173
 0.14587020000000001
 0.13876266700000001
 0.13230750499999999
 0.12478932399999999
 0.11690987899999999
 0.105881643
 0.093226587999999999
 0.082426086999999995
 0.072050597999999993
 0.061945660999999999
 0.053094924000000002
 0.044849827000000002
 0.038204354000000003
 0.031866709
 0.026568041000000001
 0.021334145999999998
 0.016519485
 0.011500457
 0.0067415950000000004
 0.0019943180000000001
 0
 0
 0
 0
 0


