# Created by Octave 7.3.0, Sat Sep 23 00:17:07 2023 UTC <jovyan@224710f94f77>
# name: C
# type: scalar
3


# name: Cex
# type: matrix
# rows: 151
# columns: 1
 250
 253
 256
 259
 262
 265
 268
 271
 274
 277
 280
 283
 286
 289
 292
 295
 298
 301
 304
 307
 310
 313
 316
 319
 322
 325
 328
 331
 334
 337
 340
 343
 346
 349
 352
 355
 358
 361
 364
 367
 370
 373
 376
 379
 382
 385
 388
 391
 394
 397
 400
 403
 406
 409
 412
 415
 418
 421
 424
 427
 430
 433
 436
 439
 442
 445
 448
 451
 454
 457
 460
 463
 466
 469
 472
 475
 478
 481
 484
 487
 490
 493
 496
 499
 502
 505
 508
 511
 514
 517
 520
 523
 526
 529
 532
 535
 538
 541
 544
 547
 550
 553
 556
 559
 562
 565
 568
 571
 574
 577
 580
 583
 586
 589
 592
 595
 598
 601
 604
 607
 610
 613
 616
 619
 622
 625
 628
 631
 634
 637
 640
 643
 646
 649
 652
 655
 658
 661
 664
 667
 670
 673
 676
 679
 682
 685
 688
 691
 694
 697
 700


# name: Cem
# type: matrix
# rows: 123
# columns: 1
 231
 234
 237
 240
 243
 246
 249
 252
 255
 258
 261
 264
 267
 270
 273
 276
 279
 282
 285
 288
 291
 294
 297
 300
 303
 306
 309
 312
 315
 318
 321
 324
 327
 330
 333
 336
 339
 342
 345
 348
 351
 354
 357
 360
 363
 366
 369
 372
 375
 378
 381
 384
 387
 390
 393
 396
 399
 402
 405
 408
 411
 414
 417
 420
 423
 426
 429
 432
 435
 438
 441
 444
 447
 450
 453
 456
 459
 462
 465
 468
 471
 474
 477
 480
 483
 486
 489
 492
 495
 498
 501
 504
 507
 510
 513
 516
 519
 522
 525
 528
 531
 534
 537
 540
 543
 546
 549
 552
 555
 558
 561
 564
 567
 570
 573
 576
 579
 582
 585
 588
 591
 594
 597


# name: Cex1
# type: matrix
# rows: 151
# columns: 1
 0.30526144
 0.30596225999999999
 0.31423841000000002
 0.31720182000000002
 0.31362725000000002
 0.31210138999999998
 0.28431697
 0.26015853999999999
 0.23889377000000001
 0.22354995999999999
 0.23556331999999999
 0.20385015000000001
 0.17146101999999999
 0.13493553999999999
 0.090665609999999994
 0.070231279999999993
 0.052496679999999997
 0.039207980000000003
 0.020202000000000001
 0
 0
 0
 0
 0
 0
 0
 0
 0
 0
 0
 0
 0
 0
 0
 0
 0
 0
 0
 0
 0
 0
 0
 0
 0
 0
 0
 0
 0
 0
 0
 2.3640000000000001e-05
 7.7080000000000001e-05
 0.00014019
 0.00019185
 0.00024635
 0.00029548999999999998
 0.00033299000000000002
 0.00035960000000000001
 0.00037397
 0.00037755999999999998
 0.00037055999999999998
 0.00035232999999999998
 0.00033014999999999997
 0.00030518
 0.00028102999999999998
 0.00025349999999999998
 0.00023070999999999999
 0.00020631999999999999
 0.00018526999999999999
 0.00016772999999999999
 0.00015082999999999999
 0.00012433
 0.00010218
 8.6370000000000001e-05
 7.4599999999999997e-05
 7.5290000000000006e-05
 6.8880000000000005e-05
 6.2899999999999997e-05
 5.9570000000000001e-05
 5.3019999999999997e-05
 5.1159999999999998e-05
 4.8340000000000001e-05
 4.4310000000000001e-05
 4.1619999999999998e-05
 3.909e-05
 3.7540000000000003e-05
 3.4929999999999999e-05
 3.3340000000000003e-05
 3.0960000000000002e-05
 2.7820000000000001e-05
 2.62e-05
 2.4409999999999998e-05
 2.2189999999999999e-05
 2.0100000000000001e-05
 1.7689999999999998e-05
 1.504e-05
 1.2830000000000001e-05
 1.115e-05
 1.1070000000000001e-05
 9.5999999999999996e-06
 8.6200000000000005e-06
 7.17e-06
 6.02e-06
 4.5399999999999997e-06
 3.4699999999999998e-06
 2.17e-06
 1.06e-06
 9.1999999999999998e-07
 2.2000000000000001e-07
 0
 0
 0
 0
 0
 0
 0
 0
 0
 0
 0
 0
 0
 0
 0
 0
 0
 0
 0
 0
 0
 0
 0
 0
 0
 0
 0
 0
 0
 0
 0
 0
 0
 0
 0
 0
 0
 0
 0
 0
 0
 0


# name: Cem1
# type: matrix
# rows: 123
# columns: 1
 1.3190000000000001e-05
 1.446e-05
 0.00021173000000000001
 0.00150657
 0.0039403600000000004
 0.0092945200000000006
 0.0030208000000000001
 0
 0.0039301199999999996
 0.01384703
 0.029952220000000002
 0.049124380000000002
 0.068821950000000007
 0.084897
 0.099512210000000004
 0.11291675
 0.12629045999999999
 0.14225467999999999
 0.15680909000000001
 0.17055559000000001
 0.18435526999999999
 0.19936263000000001
 0.21595292999999999
 0.23059141
 0.24151545999999999
 0.24977954999999999
 0.25488878999999998
 0.25625445000000002
 0.25406023999999999
 0.24802447
 0.23945101999999999
 0.22733634999999999
 0.21330589
 0.19749713999999999
 0.18219953999999999
 0.16741981
 0.1529269
 0.13970964
 0.12804354000000001
 0.11754935
 0.10787016000000001
 0.098720150000000007
 0.090286089999999999
 0.082188650000000002
 0.074657600000000005
 0.068119089999999993
 0.06223012
 0.05717829
 0.053006770000000002
 0.049311130000000002
 0.045960569999999999
 0.042742229999999999
 0.039515139999999997
 0.036443910000000003
 0.033176200000000003
 0.030010370000000001
 0.02656128
 0.023423989999999999
 0.020208139999999999
 0.017213860000000001
 0.014479830000000001
 0.01214295
 0.010099199999999999
 0.0081625299999999994
 0.0066216199999999999
 0.0053249999999999999
 0.0042236900000000004
 0.0030898900000000001
 0.00221032
 0.0014642800000000001
 0.0010506599999999999
 0.00061908000000000004
 0.00048797000000000001
 0.00073614000000000004
 0.0009904899999999999
 0.00129849
 0.00149209
 0.00188988
 0.0022251200000000001
 0.00277254
 0.0033393199999999998
 0.0039429399999999998
 0.0045779899999999997
 0.0050548399999999997
 0.0054202900000000004
 0.0058156600000000003
 0.0061859999999999997
 0.0065867399999999998
 0.0070897399999999998
 0.0077065099999999997
 0.0082554099999999995
 0.0087603799999999999
 0.0090781000000000004
 0.0093361699999999995
 0.0095940000000000001
 0.0098130700000000001
 0.010022639999999999
 0.01013788
 0.010419640000000001
 0.010612999999999999
 0.010802040000000001
 0.01081408
 0.010828040000000001
 0.01075013
 0.010541750000000001
 0.01035898
 0.010200310000000001
 0.01004904
 0.0098320899999999999
 0.0096567900000000002
 0.0095074400000000007
 0.0092756399999999999
 0.0090511299999999992
 0.0088023100000000007
 0.0085362900000000002
 0.0082772000000000002
 0.0080633200000000006
 0.0079556699999999998
 0.0077505400000000002
 0.0076534200000000002
 0.0071625300000000003
 0.0066229899999999996
 0.00568513


# name: Cex2
# type: matrix
# rows: 151
# columns: 1
 0.17003815
 0.13784065000000001
 0.1165665
 0.10509254
 0.10019783
 0.098377400000000004
 0.10758323
 0.11937523999999999
 0.13342253000000001
 0.14832513
 0.15585608000000001
 0.17556927999999999
 0.19338078
 0.21029728
 0.22723852
 0.23586815999999999
 0.24164057999999999
 0.24447487000000001
 0.24617782999999999
 0.24469816
 0.23694762
 0.22693627
 0.21494698000000001
 0.20080129999999999
 0.18511039000000001
 0.16788716000000001
 0.15459597
 0.13828006000000001
 0.12268471
 0.10805258
 0.094795669999999999
 0.081874020000000006
 0.069422410000000004
 0.059778730000000002
 0.051631839999999998
 0.045023710000000002
 0.038639470000000002
 0.033138540000000001
 0.027014340000000001
 0.02172232
 0.017215609999999999
 0.01233182
 0.0080502300000000002
 0.0037542999999999999
 0
 0
 0
 0
 0
 0
 0
 0
 0
 0
 0
 0
 0
 0
 0
 0
 0
 0
 0
 0
 0
 0
 0
 0
 0
 0
 0
 0.00016002
 0.00027064
 0.00031227000000000002
 0.00030309
 0.00018892
 0.00016119999999999999
 0.00012928000000000001
 7.4449999999999994e-05
 8.2960000000000005e-05
 2.0950000000000001e-05
 0
 0
 0
 0
 0
 0
 0
 0
 0
 0
 0
 0
 0
 0
 0
 0
 0
 0
 0
 0
 0
 0
 0
 0
 0
 0
 0
 0
 0
 0
 0
 0
 0
 0
 0
 0
 0
 0
 0
 0
 0
 0
 0
 0
 0
 0
 0
 0
 0
 0
 0
 0
 0
 0
 0
 0
 0
 0
 0
 0
 0
 0
 0
 0
 0
 0
 0
 0
 0
 0


