# Created by Octave 7.3.0, Mon Oct 30 00:01:25 2023 UTC <jovyan@224710f94f77>
# name: C
# type: scalar
5


# name: Cex
# type: matrix
# rows: 54
# columns: 1
 241
 244
 247
 250
 253
 256
 259
 262
 265
 268
 271
 274
 277
 280
 283
 286
 289
 292
 295
 298
 301
 304
 307
 310
 313
 316
 319
 322
 325
 328
 331
 334
 337
 340
 343
 346
 349
 352
 355
 358
 361
 364
 367
 370
 373
 376
 379
 382
 385
 388
 391
 394
 397
 400


# name: Cem
# type: matrix
# rows: 66
# columns: 1
 290
 294
 298
 302
 306
 310
 314
 318
 322
 326
 330
 334
 338
 342
 346
 350
 354
 358
 362
 366
 370
 374
 378
 382
 386
 390
 394
 398
 402
 406
 410
 414
 418
 422
 426
 430
 434
 438
 442
 446
 450
 454
 458
 462
 466
 470
 474
 478
 482
 486
 490
 494
 498
 502
 506
 510
 514
 518
 522
 526
 530
 534
 538
 542
 546
 550


# name: Cex1
# type: matrix
# rows: 54
# columns: 1
 0
 0.0075154790000000003
 0.034400053
 0.062114270999999999
 0.092906417000000005
 0.111925108
 0.135956665
 0.16738911300000001
 0.20158710199999999
 0.229488635
 0.24532701400000001
 0.26975569700000002
 0.28838533500000002
 0.301916562
 0.28621997100000002
 0.27077100700000001
 0.25488005400000002
 0.26397111600000001
 0.24059570399999999
 0.21029118099999999
 0.22984600499999999
 0.22201691400000001
 0.14255061799999999
 0.077492226999999997
 0.052855646999999999
 0.044029904000000002
 0.028529048000000001
 0.023285407000000001
 0.011715003
 5.86154e-06
 0
 0
 0
 0
 0
 0
 0
 0
 0
 0
 0
 0
 0
 0
 0
 0
 0
 0
 0
 0
 1.5344100000000001e-05
 5.7840300000000003e-05
 7.8696900000000002e-05
 9.6536500000000007e-05


# name: Cem1
# type: matrix
# rows: 66
# columns: 1
 0.023133681
 0.031381920000000001
 0.062030380000000003
 0.126088636
 0.20859570099999999
 0.27451640100000002
 0.30485728000000001
 0.32059779500000002
 0.33458237800000001
 0.33072373599999999
 0.31473959600000001
 0.29123422999999998
 0.26027523000000002
 0.229882482
 0.19704648499999999
 0.16569894099999999
 0.14380816699999999
 0.12113898300000001
 0.105050906
 0.090935558
 0.074575701999999994
 0.060802918999999997
 0.051296789000000002
 0.043469200999999999
 0.035193922000000002
 0.02628204
 0.019699826
 0.013049300999999999
 0.0073785559999999997
 0.0036050029999999999
 0.000339279
 0
 0
 0
 0
 0
 0
 0
 0
 0
 0
 0
 0
 2.8526499999999999e-05
 0.00098534300000000007
 0.0021076139999999998
 0.0060096819999999997
 0.0040472900000000003
 0.005058847
 0.0037983019999999999
 0.0055544089999999997
 0.005505444
 0.0031454640000000002
 0.00047863099999999998
 0.012145011000000001
 0.011746487
 0.013222878
 0.011452832
 0.0091871799999999997
 0.0095398759999999992
 0.0069533310000000001
 0.0064990330000000004
 0.0058320919999999997
 0.0033375240000000001
 0
 0


# name: Cex2
# type: matrix
# rows: 54
# columns: 1
 0
 0
 0
 0.0081312650000000004
 0.039206262999999998
 0.058674986999999998
 0.092846584999999995
 0.121499334
 0.171462905
 0.171364817
 0.176054076
 0.16753541799999999
 0.16367163800000001
 0.16707481800000001
 0.16432361400000001
 0.167196558
 0.168891707
 0.16231741599999999
 0.15932418100000001
 0.16005248899999999
 0.15517523499999999
 0.153594283
 0.15315163600000001
 0.15304309999999999
 0.15186116
 0.15089775599999999
 0.14520113000000001
 0.13990196299999999
 0.13932254599999999
 0.13929876899999999
 0.13970058899999999
 0.14062666400000001
 0.14410316300000001
 0.14683265500000001
 0.14798273100000001
 0.14927164300000001
 0.14999251899999999
 0.150933024
 0.15164203400000001
 0.15026858700000001
 0.14901778399999999
 0.146537799
 0.143674463
 0.140261161
 0.13650346299999999
 0.131324357
 0.125084262
 0.11889382
 0.11036671300000001
 0.101995977
 0.095692322999999996
 0.087917558000000007
 0.082249311000000006
 0.076258792000000006


# name: Cem2
# type: matrix
# rows: 66
# columns: 1
 0
 0.00067202799999999997
 0.001251163
 0.001833646
 0.001244298
 0
 0
 0
 0
 0
 0
 0.001959457
 0
 0
 0
 0
 0
 0
 0
 0
 0
 0
 0
 0
 0
 0.004386638
 0.017535709999999999
 0.031117441999999999
 0.047445806
 0.063086143999999997
 0.076963620999999996
 0.088683331000000004
 0.104112999
 0.118005548
 0.13214543500000001
 0.14539524000000001
 0.158293551
 0.16812986299999999
 0.17687481099999999
 0.18522651400000001
 0.19316216899999999
 0.19905937400000001
 0.20729041600000001
 0.21386483000000001
 0.217347399
 0.21790986600000001
 0.219936619
 0.21746191200000001
 0.21203172000000001
 0.204277133
 0.19704207000000001
 0.189120018
 0.18218783499999999
 0.17210050800000001
 0.17794201600000001
 0.16917546999999999
 0.15715568599999999
 0.147517863
 0.140143879
 0.131968206
 0.124731259
 0.120096905
 0.114704631
 0.106548453
 0.097543404
 0.092009191000000004


# name: Cex3
# type: matrix
# rows: 54
# columns: 1
 0.36561258400000002
 0.40333928600000002
 0.41126522700000001
 0.378306372
 0.35186128
 0.32739464299999999
 0.271928642
 0.21700662000000001
 0.12623436900000001
 0.10172102
 0.069899157000000003
 0.057584651000000001
 0.046014184
 0.031763482000000003
 0.024021944999999999
 0.011468826999999999
 0.0040057499999999998
 0.0048600969999999999
 0.0015635099999999999
 0
 0.00065212600000000005
 0.000933894
 0
 0
 0.00022936300000000001
 0.00035781300000000001
 0
 0.0031742760000000002
 0.0012889450000000001
 0.0012510959999999999
 0.0034205440000000002
 0.0066871769999999999
 0.0086565170000000007
 0.0082885370000000003
 0.010199995999999999
 0.011890189000000001
 0.011337847999999999
 0.010412717
 0.0091459499999999999
 0.0086110070000000004
 0.0072656049999999996
 0.0065098550000000002
 0.0055624289999999998
 0.0035119690000000002
 0.001977969
 0.00096211400000000002
 0
 0
 0
 0
 0
 0
 0
 0


# name: Cem3
# type: matrix
# rows: 66
# columns: 1
 0.013255658
 0.017861868999999999
 0.018646744
 0.023929724999999999
 0.025339863000000001
 0.024440982
 0.026121841
 0.027809535999999999
 0.025616288000000001
 0.020574326
 0.014420259
 0.010642914
 0.007334452
 0.0076709220000000002
 0.01090445
 0.019455511000000002
 0.023264565000000001
 0.033256887999999998
 0.043816488000000001
 0.053344333000000001
 0.059196842999999999
 0.067024570000000006
 0.079350558000000002
 0.087995476000000003
 0.095159041999999999
 0.100779796
 0.112029054
 0.11670995100000001
 0.120758606
 0.13192932600000001
 0.13664775400000001
 0.14593252300000001
 0.153802087
 0.15745833400000001
 0.163725975
 0.17283933100000001
 0.18058967400000001
 0.18790980700000001
 0.19617687
 0.19791477699999999
 0.20316547800000001
 0.20600413400000001
 0.215292181
 0.216677964
 0.21505202200000001
 0.21914372600000001
 0.21957612900000001
 0.21757778799999999
 0.210495075
 0.20316916700000001
 0.19987896199999999
 0.196686307
 0.1794182
 0.181335577
 0.031187901000000001
 0.014474081
 0.007745938
 0.0023538869999999998
 0
 0
 0
 0
 0
 0
 0
 0


# name: Cex4
# type: matrix
# rows: 54
# columns: 1
 0
 0
 0.02553306
 0.033431817000000003
 0.051739236000000001
 0.055377718999999999
 0.081190682
 0.095249308000000005
 0.124454071
 0.12828793099999999
 0.13573479399999999
 0.14432663600000001
 0.15055893100000001
 0.157583576
 0.16168777100000001
 0.171384287
 0.17609376400000001
 0.18875402399999999
 0.20056395099999999
 0.20718039399999999
 0.21988470099999999
 0.22633845499999999
 0.22695219699999999
 0.22621776900000001
 0.22454488
 0.22386241100000001
 0.21257569400000001
 0.20448798300000001
 0.19988065099999999
 0.192757703
 0.181862682
 0.16995392400000001
 0.15418984099999999
 0.14564736
 0.132653822
 0.119410839
 0.109334423
 0.098148069000000004
 0.087226159999999997
 0.077972749999999993
 0.065841789999999997
 0.056133467999999999
 0.045754069000000001
 0.035992901000000001
 0.025641447000000001
 0.015508634
 0.0078742929999999992
 0.00030223700000000001
 0
 0
 0
 0
 0
 0


