# Created by Octave 7.3.0, Sat Oct 07 14:07:15 2023 UTC <jovyan@224710f94f77>
# name: C
# type: scalar
4


# name: Cex
# type: matrix
# rows: 47
# columns: 1
 250
 255
 260
 265
 270
 275
 280
 285
 290
 295
 300
 305
 310
 315
 320
 325
 330
 335
 340
 345
 350
 355
 360
 365
 370
 375
 380
 385
 390
 395
 400
 405
 410
 415
 420
 425
 430
 435
 440
 445
 450
 455
 460
 465
 470
 475
 480


# name: Cem
# type: matrix
# rows: 73
# columns: 1
 240
 245
 250
 255
 260
 265
 270
 275
 280
 285
 290
 295
 300
 305
 310
 315
 320
 325
 330
 335
 340
 345
 350
 355
 360
 365
 370
 375
 380
 385
 390
 395
 400
 405
 410
 415
 420
 425
 430
 435
 440
 445
 450
 455
 460
 465
 470
 475
 480
 485
 490
 495
 500
 505
 510
 515
 520
 525
 530
 535
 540
 545
 550
 555
 560
 565
 570
 575
 580
 585
 590
 595
 600


# name: Cex1
# type: matrix
# rows: 47
# columns: 1
 0.11263826
 0.18324402000000001
 0.26988537000000001
 0.32578445
 0.45080461999999999
 0.47765501999999999
 0.45506809999999998
 0.31375257000000001
 0.18062133999999999
 0.067991280000000001
 0.011163569999999999
 0.0067789299999999999
 0.0067711100000000003
 0.0075031100000000003
 0.012069740000000001
 0.0030886500000000001
 0.0022764999999999999
 0.0067330300000000001
 0.01052589
 0.0041016100000000003
 0.00077868000000000002
 0.00054149000000000005
 0
 0
 0
 0
 0
 0
 0
 0
 0
 0
 0
 0
 0
 0
 0
 0
 0
 0
 0
 0
 0
 0
 0
 0
 0


# name: Cem1
# type: matrix
# rows: 73
# columns: 1
 0.0036172299999999999
 0.0089803399999999999
 0.0069559599999999997
 0.031719940000000002
 0.054422430000000001
 0.067504060000000005
 0.11996427
 0.15649911999999999
 0.18781030000000001
 0.20856921
 0.22561411000000001
 0.24223660999999999
 0.25846701999999999
 0.27097939999999998
 0.28076152999999998
 0.29212850000000001
 0.29379249000000002
 0.29172503999999999
 0.26510528999999999
 0.23730702000000001
 0.20559988000000001
 0.17145854999999999
 0.13809916999999999
 0.12003604
 0.10043318
 0.08510624
 0.069647940000000005
 0.061005150000000001
 0.051876609999999997
 0.045438850000000003
 0.033851150000000003
 0.030027479999999999
 0.021652560000000001
 0.017092659999999999
 0.012817459999999999
 0.0075055699999999996
 0.0095325199999999992
 0.0068504400000000002
 0.0048207600000000003
 0.0036625899999999999
 0.00487456
 0.0032381599999999999
 0.0017304
 0.0028791400000000001
 0.0039556599999999997
 0.0029545000000000001
 0.00081720000000000002
 0.0023551599999999998
 0
 0
 0
 0
 0
 0
 0
 1.3020000000000001e-05
 0.00185056
 0.0038498199999999999
 0.0055408699999999998
 0.0086863400000000007
 0.010211019999999999
 0.011935090000000001
 0.015461030000000001
 0.017014069999999999
 0.02125057
 0.02324238
 0.028512429999999998
 0.030072640000000001
 0.041849200000000003
 0.050178649999999998
 0.058660740000000003
 0.071947120000000003
 0.078094049999999998


# name: Cex2
# type: matrix
# rows: 47
# columns: 1
 0.25976706999999999
 0.23170345000000001
 0.23612709000000001
 0.22494237
 0.19173381
 0.18840855000000001
 0.16584903000000001
 0.14630483
 0.14696748000000001
 0.14035117
 0.14578563
 0.15791775
 0.17286309999999999
 0.18919821000000001
 0.20412163
 0.20894046999999999
 0.21094205999999999
 0.2121604
 0.20760482999999999
 0.20261372
 0.19736150999999999
 0.19310250000000001
 0.19029362
 0.17984517
 0.16710050000000001
 0.14804079000000001
 0.12052142
 0.098731399999999997
 0.080691840000000001
 0.063792849999999998
 0.052447470000000003
 0.044823750000000002
 0.035861030000000002
 0.030755480000000002
 0.02658845
 0.023177099999999999
 0.019633890000000001
 0.016630260000000001
 0.012767270000000001
 0.01230728
 0.010732179999999999
 0.0097283100000000004
 0.0096026400000000008
 0.0077895400000000002
 0.0067084800000000002
 0.0058963799999999997
 0.0039704400000000004


# name: Cem2
# type: matrix
# rows: 73
# columns: 1
 0
 0
 0
 0
 0
 0
 0
 0
 0
 0
 0
 0
 0.0014872799999999999
 0
 0.0020634400000000002
 0.0024180999999999999
 0.0063951399999999997
 0.0065218000000000003
 0.01184145
 0.016709180000000001
 0.02308
 0.029092989999999999
 0.035877319999999997
 0.043584909999999998
 0.050609840000000003
 0.058536690000000002
 0.065656339999999994
 0.075530890000000003
 0.084293259999999995
 0.090079019999999996
 0.09187207
 0.095764909999999995
 0.10232185000000001
 0.1119569
 0.12603036000000001
 0.14304459
 0.1660633
 0.18629385000000001
 0.20411882000000001
 0.22061277000000001
 0.23750921
 0.24335907000000001
 0.24604608
 0.24920086
 0.2428032
 0.23319075
 0.22187076
 0.21542597999999999
 0.19872674000000001
 0.18810399999999999
 0.17533293
 0.16407774999999999
 0.15258278
 0.14046995000000001
 0.13033716000000001
 0.12228004000000001
 0.11119270000000001
 0.10332143000000001
 0.093912029999999994
 0.087871350000000001
 0.080266799999999999
 0.0752327
 0.070872939999999995
 0.065454590000000007
 0.06288154
 0.055761789999999999
 0.053717090000000002
 0.041111660000000001
 0.045895690000000003
 0.037191689999999999
 0.037825780000000003
 0.03559996
 0.02384652


# name: Cex3
# type: matrix
# rows: 47
# columns: 1
 0.52755947999999997
 0.50282000000000004
 0.33580370999999998
 0.32378340999999999
 0.28332974
 0.20914619000000001
 0.15770587
 0.13466631000000001
 0.088140960000000004
 0.07153226
 0.051144130000000003
 0.041832370000000001
 0.03897403
 0.04237138
 0.035644589999999997
 0.038717130000000002
 0.033496119999999997
 0.033279030000000001
 0.033389580000000002
 0.034837260000000002
 0.039779349999999998
 0.039228899999999997
 0.046188630000000001
 0.051624320000000001
 0.045705339999999997
 0.050691699999999999
 0.055674729999999999
 0.058428830000000001
 0.063942170000000007
 0.060939899999999998
 0.062369920000000002
 0.057695610000000001
 0.055577889999999998
 0.05445498
 0.049541929999999998
 0.047986569999999999
 0.038102400000000002
 0.033403000000000002
 0.038638739999999998
 0.03651422
 0.032470789999999999
 0.033212159999999998
 0.022654090000000002
 0.028320689999999999
 0.027900790000000002
 0.02946584
 0.0299736


# name: Cem3
# type: matrix
# rows: 73
# columns: 1
 0
 0
 0.0045190500000000002
 0.029368249999999999
 0.046690219999999998
 0.059270070000000001
 0.063439590000000004
 0.067081440000000006
 0.068578810000000004
 0.070123069999999996
 0.071957430000000003
 0.060807899999999998
 0.0311472
 0.036985850000000001
 0.034414849999999997
 0.028246750000000001
 0.01353392
 0.015566429999999999
 0
 0
 0
 0
 0
 0
 0
 0
 0
 0.0046476900000000003
 0
 0
 0
 0
 0
 0
 0
 0.036852379999999997
 0
 0.035990080000000001
 0.060013480000000001
 0.10048029999999999
 0.079670060000000001
 0.10392023
 0.12442081000000001
 0.12587035999999999
 0.13767249000000001
 0.14070448999999999
 0.15656387999999999
 0.15001666999999999
 0.18754768999999999
 0.18172441
 0.18599431999999999
 0.18724908000000001
 0.18699699
 0.20224386
 0.20225069000000001
 0.21224269000000001
 0.21770610000000001
 0.2225905
 0.22279288
 0.21993573999999999
 0.20786460000000001
 0.18983754999999999
 0.17783544000000001
 0.15099095000000001
 0.14058951
 0.13421685999999999
 0.12903862999999999
 0.18559764000000001
 0.11956615
 0.13951027999999999
 0.13324891999999999
 0.091356270000000003
 0.18442079


