# Created by Octave 7.3.0, Sat Oct 07 14:20:03 2023 UTC <jovyan@224710f94f77>
# name: C
# type: scalar
3


# name: Cex
# type: matrix
# rows: 53
# columns: 1
 240
 245
 250
 255
 260
 265
 270
 275
 280
 285
 290
 295
 300
 305
 310
 315
 320
 325
 330
 335
 340
 345
 350
 355
 360
 365
 370
 375
 380
 385
 390
 395
 400
 405
 410
 415
 420
 425
 430
 435
 440
 445
 450
 455
 460
 465
 470
 475
 480
 485
 490
 495
 500


# name: Cem
# type: matrix
# rows: 91
# columns: 1
 240
 244
 248
 252
 256
 260
 264
 268
 272
 276
 280
 284
 288
 292
 296
 300
 304
 308
 312
 316
 320
 324
 328
 332
 336
 340
 344
 348
 352
 356
 360
 364
 368
 372
 376
 380
 384
 388
 392
 396
 400
 404
 408
 412
 416
 420
 424
 428
 432
 436
 440
 444
 448
 452
 456
 460
 464
 468
 472
 476
 480
 484
 488
 492
 496
 500
 504
 508
 512
 516
 520
 524
 528
 532
 536
 540
 544
 548
 552
 556
 560
 564
 568
 572
 576
 580
 584
 588
 592
 596
 600


# name: Cex1
# type: matrix
# rows: 53
# columns: 1
 0.056592952000000002
 0.063152349999999996
 0.068406544
 0.075239258000000003
 0.082304353999999996
 0.093165479999999995
 0.104452247
 0.12204518
 0.14065823399999999
 0.16748753499999999
 0.19284427500000001
 0.21667871799999999
 0.24031017599999999
 0.24951353700000001
 0.25897182000000002
 0.26646573099999998
 0.26823098499999998
 0.26930882
 0.26351444499999999
 0.25180062600000003
 0.23806664
 0.222860845
 0.20491493999999999
 0.185989566
 0.16771535100000001
 0.14686247999999999
 0.12784999599999999
 0.10817602699999999
 0.089393349999999996
 0.057112698000000003
 0.037726847000000001
 0.020288460000000001
 0.0090330849999999997
 0.00013617300000000001
 0
 0
 0
 0
 0
 0
 0
 0
 0
 0
 0
 0
 0
 0
 0
 0
 0
 0
 0


# name: Cem1
# type: matrix
# rows: 91
# columns: 1
 0
 0
 0
 0
 0
 0
 0
 0
 0
 0
 0
 0
 0
 0
 0
 0
 0
 0
 0
 0
 0
 0
 0.001098106
 0.0078908620000000002
 0.020316500000000001
 0.035902187000000002
 0.045599881000000002
 0.067540665999999999
 0.086950244999999995
 0.10411000199999999
 0.119479337
 0.12979492400000001
 0.142535352
 0.15391250500000001
 0.163927604
 0.173033783
 0.18135199900000001
 0.18879101000000001
 0.194974707
 0.199605278
 0.20251898400000001
 0.20533627400000001
 0.205150269
 0.204136447
 0.203398151
 0.20257262600000001
 0.20154134900000001
 0.198141239
 0.193457722
 0.18743072299999999
 0.180807471
 0.17320570299999999
 0.16545928400000001
 0.15800430900000001
 0.15061490199999999
 0.143357492
 0.13577660599999999
 0.128226015
 0.120660799
 0.113191403
 0.105829598
 0.098525506999999998
 0.091265251000000006
 0.084169398000000006
 0.077560304999999996
 0.071312869000000001
 0.065722406999999997
 0.060390303999999999
 0.055238574999999998
 0.050287002999999997
 0.045583196999999999
 0.041259081000000003
 0.037433952999999999
 0.034014293000000001
 0.030939517999999999
 0.028181878
 0.025645161
 0.023266339
 0.021036716
 0.019132237
 0.017402844000000001
 0.015852453999999998
 0.01443179
 0.013086545
 0.011808933000000001
 0.010638474
 0.0096606009999999996
 0.008758531
 0.0078346170000000003
 0.0070331589999999998
 0.0061317740000000004


# name: Cex2
# type: matrix
# rows: 53
# columns: 1
 0.024852316999999999
 0.059045835999999997
 0.087885034000000001
 0.113624374
 0.13250980800000001
 0.13934343599999999
 0.13886852199999999
 0.122067281
 0.105295917
 0.074978129000000004
 0.046955357000000003
 0.026942236000000001
 0.010718951000000001
 0.002175948
 0
 0.003774805
 0.011800273999999999
 0.025311512000000001
 0.042557213000000003
 0.067915734000000005
 0.095504353
 0.12847539699999999
 0.15767151700000001
 0.192779071
 0.21719063399999999
 0.23717886599999999
 0.24493965000000001
 0.25141925399999998
 0.25137973299999999
 0.27486687199999998
 0.27192002500000001
 0.26981307799999998
 0.25482411999999999
 0.23279743999999999
 0.202688165
 0.17591680900000001
 0.15375138199999999
 0.13748975899999999
 0.118878421
 0.099808095999999999
 0.081992966
 0.064264097000000006
 0.053298089999999999
 0.043802810999999997
 0.037014684999999999
 0.030325870000000001
 0.026583722000000001
 0.021442375999999999
 0.016368493000000001
 0.010198795
 0.007890556
 0.0061244410000000004
 0.0046323290000000001


# name: Cem2
# type: matrix
# rows: 91
# columns: 1
 0
 0
 0
 0
 0
 0
 0
 0
 0
 0
 0.00084585699999999999
 0.001332675
 0.001689811
 0.001200462
 0
 0
 0
 0
 0
 0
 0
 0
 0
 0
 0
 0
 0
 0
 0
 0
 0
 0
 0
 0
 0.0029623459999999998
 0.0095198030000000003
 0.010035693
 0.018478926999999999
 0.030097470000000001
 0.044918009000000002
 0.062766284000000006
 0.072670456999999994
 0.099302478
 0.125648023
 0.14567303100000001
 0.16023884499999999
 0.16784136999999999
 0.17886312900000001
 0.18716844599999999
 0.19356240199999999
 0.19859976400000001
 0.204720227
 0.207608036
 0.207097802
 0.205716492
 0.20422278799999999
 0.20386089800000001
 0.20296630099999999
 0.20156777200000001
 0.199183429
 0.194884311
 0.18934822100000001
 0.18305916699999999
 0.17622923400000001
 0.168971439
 0.16197726900000001
 0.154990879
 0.14807421600000001
 0.14046421000000001
 0.13244379100000001
 0.12403742199999999
 0.115446459
 0.10661063599999999
 0.097817497000000003
 0.089124260999999996
 0.080501434999999996
 0.072287425000000002
 0.064988683000000005
 0.058793378
 0.053361756000000003
 0.048438726000000001
 0.043971787999999998
 0.039859680000000001
 0.036081762000000003
 0.032701945000000003
 0.029457932999999999
 0.026320725999999999
 0.023425147
 0.021054906000000002
 0.018992133000000001
 0.016988821000000001


# name: Cex3
# type: matrix
# rows: 53
# columns: 1
 0.069041975000000005
 0.079626365000000005
 0.096917702999999994
 0.12891427899999999
 0.173364305
 0.22360664799999999
 0.27557741499999999
 0.31556579299999998
 0.33920276100000002
 0.342981969
 0.33209002900000001
 0.31141580800000002
 0.28319313499999998
 0.254233133
 0.22461640999999999
 0.18957803300000001
 0.154090435
 0.091462140999999997
 0.052637093000000003
 0.031425108
 0.014605494
 0.00063016700000000005
 0
 0
 0
 0
 0
 0
 0
 0
 0
 0
 0
 0
 0.000188297
 0.00094599799999999998
 0.0015106410000000001
 0.00073870999999999995
 0.00053897600000000004
 0.00060648500000000003
 0.000768536
 0.001271346
 0.0014578589999999999
 0.0016145689999999999
 0.001735758
 0.0020916760000000002
 0.002156519
 0.0020211669999999999
 0.001805051
 0.0014306290000000001
 0.0012242760000000001
 0.001035069
 0.000850127


