# Created by Octave 7.3.0, Sat Sep 30 04:29:57 2023 UTC <jovyan@224710f94f77>
# name: C
# type: scalar
3


# name: Cex
# type: matrix
# rows: 125
# columns: 1
 250
 252
 254
 256
 258
 260
 262
 264
 266
 268
 270
 272
 274
 276
 280
 282
 284
 286
 288
 290
 292
 294
 296
 298
 300
 302
 304
 306
 308
 310
 312
 314
 316
 318
 320
 322
 324
 326
 328
 330
 332
 334
 336
 338
 340
 342
 344
 346
 348
 350
 352
 354
 356
 358
 360
 362
 364
 366
 368
 370
 372
 374
 376
 378
 380
 382
 384
 386
 388
 390
 392
 394
 396
 398
 400
 402
 404
 406
 408
 410
 412
 414
 416
 418
 420
 422
 424
 426
 428
 430
 432
 434
 436
 438
 440
 442
 444
 446
 448
 450
 452
 454
 456
 458
 460
 462
 464
 466
 468
 470
 472
 474
 476
 478
 480
 482
 484
 486
 488
 490
 492
 494
 496
 498
 500


# name: Cem
# type: matrix
# rows: 155
# columns: 1
 244
 246
 249
 251
 253
 255
 258
 260
 262
 264
 267
 269
 271
 273
 276
 278
 280
 282
 285
 287
 289
 291
 294
 296
 298
 300
 303
 305
 307
 309
 312
 314
 316
 318
 321
 323
 325
 328
 330
 332
 334
 337
 339
 341
 343
 346
 348
 350
 353
 355
 357
 359
 362
 364
 366
 369
 371
 373
 375
 378
 380
 382
 385
 387
 389
 391
 394
 396
 398
 401
 403
 405
 408
 410
 412
 414
 417
 419
 421
 424
 426
 428
 431
 433
 435
 438
 440
 442
 444
 447
 449
 451
 454
 456
 458
 461
 463
 465
 468
 470
 472
 475
 477
 479
 482
 484
 486
 489
 491
 493
 495
 498
 500
 502
 505
 507
 509
 512
 514
 516
 519
 521
 523
 526
 528
 530
 533
 535
 537
 540
 542
 544
 547
 549
 552
 554
 556
 559
 561
 563
 566
 568
 570
 573
 575
 577
 580
 582
 584
 587
 589
 591
 594
 596
 598


# name: Cex1
# type: matrix
# rows: 125
# columns: 1
 0.225202712
 0.22137418
 0.21810602700000001
 0.215615741
 0.211666296
 0.20842966600000001
 0.202438428
 0.197323095
 0.19142672699999999
 0.18642209400000001
 0.177946785
 0.16964838099999999
 0.16358557400000001
 0.15452490099999999
 0.140217709
 0.13374972900000001
 0.125820389
 0.120120581
 0.115257838
 0.110329209
 0.106103771
 0.102529061
 0.098953236999999999
 0.095299907000000003
 0.092715353
 0.090355520999999994
 0.088614198000000005
 0.086721453000000004
 0.085280712999999994
 0.083964658999999997
 0.082917987999999998
 0.082067391000000003
 0.081329604
 0.080754827000000001
 0.080200368999999994
 0.079879747000000001
 0.079932472000000004
 0.079924856000000002
 0.079831251000000006
 0.080080338000000001
 0.080454907000000006
 0.080510648000000004
 0.080684394000000006
 0.080678788000000001
 0.080556680000000006
 0.080515154000000005
 0.080318200000000006
 0.07998711
 0.079595180000000001
 0.079310812999999994
 0.078785957000000004
 0.078592242000000007
 0.078099241
 0.077728266000000004
 0.077482250000000003
 0.076998619000000004
 0.076483441999999999
 0.075662973999999994
 0.074884584000000004
 0.073487334000000001
 0.072385001000000004
 0.071126965
 0.069222758999999995
 0.068049797999999995
 0.066450336999999998
 0.064910635999999994
 0.063351820000000003
 0.061917965999999998
 0.060114886999999999
 0.058829546000000003
 0.056918899000000002
 0.055176124999999999
 0.053095903999999999
 0.051495966999999997
 0.050060947000000001
 0.048373253999999997
 0.046151799
 0.044109993
 0.042243540000000003
 0.040086272999999999
 0.038292130000000001
 0.036719847
 0.035160728000000002
 0.033950168000000003
 0.032509970999999999
 0.031383754999999999
 0.030159664999999999
 0.029143348999999999
 0.027907233
 0.026939712000000001
 0.025925776000000001
 0.024815792999999999
 0.023741661000000001
 0.022862738000000001
 0.021838574999999999
 0.020935505
 0.020063731000000001
 0.019013859000000001
 0.018569024
 0.017865882999999999
 0.017242650000000002
 0.016647754000000001
 0.016184192999999999
 0.015540841999999999
 0.014992858
 0.014491179
 0.014169664
 0.013916239
 0.013752478
 0.01358178
 0.013303605
 0.013023721
 0.012697117000000001
 0.012638126
 0.012138296
 0.011557527
 0.011328970000000001
 0.010648469000000001
 0.010244711
 0.0096488560000000008
 0.0094015439999999995
 0.0088193820000000006
 0.0087504609999999993
 0.0087982519999999995
 0.0081425260000000006


# name: Cem1
# type: matrix
# rows: 155
# columns: 1
 0
 0
 0
 0
 0
 0
 0
 0
 0
 0
 0
 0
 0
 0
 0
 0
 0
 0
 0
 0
 0
 0
 0
 0
 0
 0
 0
 0.00018882
 0.00016830299999999999
 0.002361766
 0.0039522100000000003
 0.0014171909999999999
 0.00077875999999999998
 0.00038608700000000002
 0
 0
 0
 0
 0
 0
 0
 0
 0
 0
 0
 0
 0
 0
 0
 0
 0
 0
 0
 0
 0
 0
 0
 0
 0
 0
 0
 0
 0
 0
 0.0033827660000000002
 0.0069515410000000003
 0.010131355
 0.016859043000000001
 0.020408032999999999
 0.026422396000000001
 0.032173820999999998
 0.036217947
 0.041839912
 0.047037074999999998
 0.052422772999999999
 0.058603769
 0.063996768999999995
 0.069398784000000005
 0.074551542999999998
 0.078805272999999995
 0.084743450999999997
 0.089827729999999995
 0.094882658999999994
 0.100083037
 0.106101152
 0.10997417700000001
 0.115677483
 0.120405894
 0.123233458
 0.12778347400000001
 0.13060537999999999
 0.134048956
 0.13689061
 0.14000755300000001
 0.14235342600000001
 0.143917146
 0.145550545
 0.14751945899999999
 0.14747950400000001
 0.14730699
 0.14855061899999999
 0.14883944599999999
 0.148968134
 0.149666406
 0.148801037
 0.14975533599999999
 0.14914906
 0.14986385099999999
 0.14949981900000001
 0.14788067599999999
 0.14718328999999999
 0.1455254
 0.14319952
 0.14322066999999999
 0.14068560799999999
 0.138382068
 0.13595226199999999
 0.13442113
 0.13135306199999999
 0.12895844100000001
 0.12645209299999999
 0.12345577100000001
 0.119977005
 0.11741362299999999
 0.113772743
 0.11136291600000001
 0.10913038
 0.10528082599999999
 0.10206583
 0.098328824999999995
 0.095309035
 0.092410724
 0.089685190999999997
 0.085861470999999995
 0.082537840000000001
 0.079732888000000002
 0.076713140999999999
 0.073483721000000002
 0.070880993000000003
 0.067586078999999993
 0.065213571999999997
 0.061948631999999997
 0.060253570999999999
 0.057476975
 0.05495862
 0.052717487
 0.050512535999999997
 0.048434039999999998
 0.046002502000000001
 0.043555607000000003
 0.041538353
 0.039506151000000003
 0.038629819000000003
 0.035745533000000003
 0.035080761000000002


# name: Cex2
# type: matrix
# rows: 125
# columns: 1
 0.25772654699999997
 0.24569881700000001
 0.23299778700000001
 0.21977669699999999
 0.20734840800000001
 0.19457553699999999
 0.18368648300000001
 0.17222916899999999
 0.16280634499999999
 0.15331863500000001
 0.14585800500000001
 0.139734104
 0.13423352599999999
 0.13132766600000001
 0.127723799
 0.127336858
 0.12894773400000001
 0.130295523
 0.131577995
 0.13254653999999999
 0.13301914500000001
 0.132329957
 0.13222746099999999
 0.13177947400000001
 0.13157125
 0.13089894199999999
 0.12998742199999999
 0.12905297900000001
 0.12797594200000001
 0.12640415099999999
 0.12446599699999999
 0.12202444799999999
 0.119812234
 0.117407531
 0.115088828
 0.11219156600000001
 0.109637369
 0.107067445
 0.10480771999999999
 0.10250598399999999
 0.099269299000000005
 0.096517532000000003
 0.093265755000000006
 0.089922494000000006
 0.086115787999999999
 0.082038875999999997
 0.078288197000000004
 0.074107804999999999
 0.070349843999999995
 0.066473854999999998
 0.063148188999999993
 0.059272763999999999
 0.055967894999999997
 0.052512022999999998
 0.048704523999999999
 0.045537689999999999
 0.042173738000000002
 0.039600850999999999
 0.036629469999999997
 0.034414032999999997
 0.031930401999999997
 0.029097653000000001
 0.026973774999999998
 0.023838004999999999
 0.021265987
 0.018415964999999999
 0.016158672999999998
 0.013572813
 0.011796060000000001
 0.0093673000000000003
 0.007203671
 0.0052394939999999999
 0.004404959
 0.0028125139999999999
 0.001165403
 0
 0
 0
 0
 0
 0
 0
 0
 0
 0
 0
 0
 0
 0
 0
 0
 0
 0
 0
 0
 0
 0
 0
 0
 0
 0
 0
 0
 0
 0
 0
 0
 0
 0
 0
 0
 0
 0
 0
 0
 0
 0
 0
 0
 0
 0
 0
 0
 0
 0


