# Created by Octave 7.3.0, Sat Oct 07 15:13:47 2023 UTC <jovyan@224710f94f77>
# name: C
# type: scalar
3


# name: Cex
# type: matrix
# rows: 84
# columns: 1
 251
 254
 257
 260
 263
 266
 269
 272
 275
 278
 281
 284
 287
 290
 293
 296
 299
 302
 305
 308
 311
 314
 317
 320
 323
 326
 329
 332
 335
 338
 341
 344
 347
 350
 353
 356
 359
 362
 365
 368
 371
 374
 377
 380
 383
 386
 389
 392
 395
 398
 401
 404
 407
 410
 413
 416
 419
 422
 425
 428
 431
 434
 437
 440
 443
 446
 449
 452
 455
 458
 461
 464
 467
 470
 473
 476
 479
 482
 485
 488
 491
 494
 497
 500


# name: Cem
# type: matrix
# rows: 77
# columns: 1
 249
 254
 258
 263
 267
 272
 276
 281
 285
 290
 294
 299
 303
 308
 312
 317
 321
 326
 330
 335
 339
 344
 349
 353
 358
 362
 367
 371
 376
 381
 385
 390
 394
 399
 404
 408
 413
 417
 422
 427
 431
 436
 440
 445
 450
 454
 459
 464
 468
 473
 478
 482
 487
 491
 496
 501
 505
 510
 515
 519
 524
 529
 533
 538
 543
 547
 552
 557
 562
 566
 571
 576
 580
 585
 590
 594
 599


# name: Cex1
# type: matrix
# rows: 84
# columns: 1
 0.19670000000000001
 0.19650000000000001
 0.18959999999999999
 0.182
 0.17299999999999999
 0.16289999999999999
 0.1555
 0.1479
 0.1414
 0.1343
 0.1268
 0.12039999999999999
 0.1134
 0.10730000000000001
 0.1016
 0.096199999999999994
 0.092100000000000001
 0.088700000000000001
 0.085699999999999998
 0.083199999999999996
 0.081000000000000003
 0.079000000000000001
 0.077600000000000002
 0.076600000000000001
 0.075999999999999998
 0.075999999999999998
 0.076399999999999996
 0.077299999999999994
 0.078200000000000006
 0.079200000000000007
 0.080000000000000002
 0.081100000000000005
 0.082400000000000001
 0.084099999999999994
 0.085699999999999998
 0.087099999999999997
 0.092299999999999993
 0.088599999999999998
 0.088599999999999998
 0.088499999999999995
 0.0877
 0.086199999999999999
 0.084400000000000003
 0.085099999999999995
 0.080600000000000005
 0.079100000000000004
 0.076399999999999996
 0.073200000000000001
 0.069199999999999998
 0.065699999999999995
 0.062199999999999998
 0.060199999999999997
 0.056099999999999997
 0.052600000000000001
 0.050000000000000003
 0.047600000000000003
 0.044900000000000002
 0.042700000000000002
 0.040599999999999997
 0.038100000000000002
 0.036600000000000001
 0.034200000000000001
 0.031699999999999999
 0.029899999999999999
 0.0281
 0.026200000000000001
 0.023599999999999999
 0.0212
 0.020400000000000001
 0.019099999999999999
 0.017999999999999999
 0.016299999999999999
 0.0147
 0.014
 0.0126
 0.0112
 0.0106
 0.0089999999999999993
 0.0077999999999999996
 0.0074999999999999997
 0.0063
 0.0057000000000000002
 0.0053
 0.0043


# name: Cem1
# type: matrix
# rows: 77
# columns: 1
 0
 0
 0
 0
 0
 0
 0
 0
 0.00040000000000000002
 0
 0.0001
 0.00020000000000000001
 0.0028999999999999998
 0.0033
 0
 0.0023
 0.00059999999999999995
 0
 0
 0
 0
 0
 0
 0
 0
 0
 0
 0
 0
 0
 0
 0.0092999999999999992
 0.0146
 0.029100000000000001
 0.047399999999999998
 0.062899999999999998
 0.081699999999999995
 0.0901
 0.10829999999999999
 0.1197
 0.13950000000000001
 0.151
 0.16500000000000001
 0.17630000000000001
 0.18329999999999999
 0.1923
 0.2026
 0.2029
 0.20000000000000001
 0.20649999999999999
 0.2016
 0.2026
 0.20000000000000001
 0.19489999999999999
 0.19040000000000001
 0.18459999999999999
 0.1774
 0.17169999999999999
 0.16120000000000001
 0.152
 0.14549999999999999
 0.13350000000000001
 0.127
 0.1174
 0.10929999999999999
 0.0998
 0.092200000000000004
 0.088200000000000001
 0.080500000000000002
 0.074700000000000003
 0.069400000000000003
 0.065000000000000002
 0.0596
 0.054199999999999998
 0.052299999999999999
 0.049399999999999999
 0.046300000000000001


# name: Cex2
# type: matrix
# rows: 84
# columns: 1
 0.22739999999999999
 0.20019999999999999
 0.18379999999999999
 0.16370000000000001
 0.1474
 0.13800000000000001
 0.13020000000000001
 0.12659999999999999
 0.12470000000000001
 0.125
 0.12770000000000001
 0.1318
 0.13869999999999999
 0.14099999999999999
 0.1467
 0.1535
 0.15959999999999999
 0.16589999999999999
 0.17130000000000001
 0.17649999999999999
 0.18160000000000001
 0.1835
 0.18609999999999999
 0.18740000000000001
 0.18609999999999999
 0.18490000000000001
 0.18310000000000001
 0.17860000000000001
 0.17299999999999999
 0.1656
 0.1588
 0.1487
 0.13669999999999999
 0.123
 0.1105
 0.099400000000000002
 0.090800000000000006
 0.077799999999999994
 0.0688
 0.0579
 0.048300000000000003
 0.039300000000000002
 0.031899999999999998
 0.026599999999999999
 0.016199999999999999
 0.011900000000000001
 0.0054000000000000003
 0.00040000000000000002
 0
 0
 0
 0
 0
 0
 0
 0
 0
 0
 0
 0
 0
 0
 0
 0
 0
 0
 0
 0
 0
 0
 0
 0
 0
 0
 0
 0
 0
 0
 0
 0
 0
 0
 0
 0


# name: Cem2
# type: matrix
# rows: 77
# columns: 1
 0
 0
 0
 0
 0
 0
 0
 0
 0
 0
 0
 0
 0
 0
 0
 0
 0
 0
 0.0035000000000000001
 0.0054000000000000003
 0.022100000000000002
 0.037999999999999999
 0.053400000000000003
 0.072800000000000004
 0.093299999999999994
 0.1108
 0.13450000000000001
 0.1537
 0.17860000000000001
 0.20169999999999999
 0.23019999999999999
 0.2354
 0.2387
 0.2331
 0.2293
 0.22489999999999999
 0.2147
 0.20949999999999999
 0.19220000000000001
 0.18060000000000001
 0.16539999999999999
 0.1537
 0.14000000000000001
 0.1258
 0.1109
 0.0964
 0.085699999999999998
 0.072499999999999995
 0.062799999999999995
 0.051499999999999997
 0.044600000000000001
 0.0361
 0.0304
 0.025899999999999999
 0.020799999999999999
 0.016899999999999998
 0.013100000000000001
 0.0094000000000000004
 0.0071000000000000004
 0.0064999999999999997
 0.0035999999999999999
 0.0038
 0.0030999999999999999
 0.0030999999999999999
 0.0030999999999999999
 0.0032000000000000002
 0.0033
 0.0028999999999999998
 0.0030999999999999999
 0.0033999999999999998
 0.0020999999999999999
 0.0011000000000000001
 0.00089999999999999998
 0
 0
 0
 0


# name: Cex3
# type: matrix
# rows: 84
# columns: 1
 0.1691
 0.1789
 0.18459999999999999
 0.20649999999999999
 0.21909999999999999
 0.23880000000000001
 0.2555
 0.26400000000000001
 0.27439999999999998
 0.28100000000000003
 0.2762
 0.26679999999999998
 0.246
 0.23530000000000001
 0.2109
 0.17399999999999999
 0.14879999999999999
 0.12790000000000001
 0.1133
 0.097500000000000003
 0.081699999999999995
 0.072900000000000006
 0.053699999999999998
 0.034599999999999999
 0.026800000000000001
 0.014
 0.0057000000000000002
 0.0022000000000000001
 0
 0
 0
 0
 0
 0
 0
 0
 0
 0
 0
 0
 0
 0
 0
 0
 0
 0
 0
 0
 0
 0
 0
 0
 0
 0
 0
 0
 0
 0
 0
 0
 0
 0
 0
 0
 0
 0
 0
 0
 0
 0
 0
 0
 0
 0
 0
 0
 0
 0
 0
 0
 0
 0
 0
 0


# name: Cem3
# type: matrix
# rows: 77
# columns: 1
 0
 0
 0
 0
 0
 0
 0.0001
 0.0023
 0.1016
 0.086099999999999996
 0.1837
 0.2215
 0.245
 0.2409
 0.2419
 0.26529999999999998
 0.28079999999999999
 0.28849999999999998
 0.29499999999999998
 0.29199999999999998
 0.2833
 0.27239999999999998
 0.24510000000000001
 0.2319
 0.2054
 0.18490000000000001
 0.16789999999999999
 0.1482
 0.1341
 0.11849999999999999
 0.11459999999999999
 0.097600000000000006
 0.084400000000000003
 0.070300000000000001
 0.064100000000000004
 0.059200000000000003
 0.051900000000000002
 0.033000000000000002
 0.035400000000000001
 0.0292
 0.0287
 0.0258
 0.021100000000000001
 0.0206
 0.018200000000000001
 0.0155
 0.0147
 0.016899999999999998
 0.0134
 0.015699999999999999
 0.012999999999999999
 0.012699999999999999
 0.0123
 0.0118
 0.010999999999999999
 0.0106
 0.0097000000000000003
 0.0126
 0.010999999999999999
 0.010999999999999999
 0.0121
 0.012800000000000001
 0.013899999999999999
 0.0115
 0.0071999999999999998
 0.0082000000000000007
 0.0044000000000000003
 0.0041000000000000003
 0.0019
 0.00069999999999999999
 0.0061000000000000004
 0
 0.0044999999999999997
 0.0044999999999999997
 0.0060000000000000001
 0.0060000000000000001
 0.0063


