# Created by Octave 7.3.0, Sat Oct 07 14:16:11 2023 UTC <jovyan@224710f94f77>
# name: C
# type: scalar
5


# name: Cex
# type: matrix
# rows: 53
# columns: 1
 240
 245
 250
 255
 260
 265
 270
 275
 280
 285
 290
 295
 300
 305
 310
 315
 320
 325
 330
 335
 340
 345
 350
 355
 360
 365
 370
 375
 380
 385
 390
 395
 400
 405
 410
 415
 420
 425
 430
 435
 440
 445
 450
 455
 460
 465
 470
 475
 480
 485
 490
 495
 500


# name: Cem
# type: matrix
# rows: 38
# columns: 1
 511
 513
 516
 518
 520
 523
 525
 527
 530
 532
 534
 537
 539
 541
 544
 546
 548
 551
 553
 555
 558
 560
 562
 565
 567
 570
 572
 574
 577
 579
 581
 584
 586
 588
 591
 593
 595
 598


# name: Cex1
# type: matrix
# rows: 53
# columns: 1
 0.32501532799999999
 0.30952540299999998
 0.296080277
 0.27850995000000001
 0.25649558
 0.23620471300000001
 0.221212995
 0.20903528599999999
 0.20101275699999999
 0.198390187
 0.19842673599999999
 0.19613307099999999
 0.19295490100000001
 0.18764060599999999
 0.17916278599999999
 0.168831499
 0.157416478
 0.147263055
 0.13588206799999999
 0.122022673
 0.11097349300000001
 0.097371533999999996
 0.086017845999999995
 0.074612632999999998
 0.063664404999999993
 0.055573850000000001
 0.048887879000000002
 0.041724123000000002
 0.034799998999999998
 0.027839247000000001
 0.019924988000000001
 0.012794450000000001
 0.0071768270000000002
 0.0032340110000000002
 0.00039189500000000001
 0
 0
 0
 0.00031718099999999998
 0.00034038999999999999
 0.00031969300000000002
 0.00014000800000000001
 4.9107599999999997e-05
 0
 0
 0
 0
 0
 0
 0
 0
 0
 0


# name: Cem1
# type: matrix
# rows: 38
# columns: 1
 0.040590586999999997
 0.038476868999999997
 0.03636615
 0.034386776000000001
 0.032457648999999998
 0.030239947999999999
 0.028474523000000002
 0.026600603
 0.025140292000000002
 0.023794171999999999
 0.022508081999999999
 0.021432261000000001
 0.020038245999999999
 0.019092299
 0.017972950000000001
 0.016709958
 0.01545475
 0.01486029
 0.014037561
 0.013185364
 0.012227450000000001
 0.011847095
 0.011004038000000001
 0.010386088
 0.0098400410000000008
 0.0095498739999999999
 0.0089526699999999994
 0.0085944799999999998
 0.0082081979999999999
 0.007448316
 0.0071187680000000001
 0.0065442779999999997
 0.0064100290000000002
 0.0058500050000000001
 0.0055812129999999998
 0.0048174029999999996
 0.0048102079999999998
 0.0040188680000000001


# name: Cex2
# type: matrix
# rows: 53
# columns: 1
 0.22872921700000001
 0.22922331100000001
 0.23704413199999999
 0.23858797200000001
 0.23691525599999999
 0.23704245700000001
 0.231271749
 0.228804388
 0.22331557099999999
 0.21869344199999999
 0.22154194999999999
 0.20613836399999999
 0.192691838
 0.17704062800000001
 0.161495835
 0.145878486
 0.130138906
 0.11659011399999999
 0.10306185800000001
 0.089517484999999994
 0.079736698999999994
 0.069434527999999995
 0.062132328000000001
 0.055549682000000003
 0.049982752999999998
 0.047928004000000003
 0.047677114
 0.048132380000000002
 0.049720809999999997
 0.052604743000000002
 0.056685138000000003
 0.061567084000000001
 0.066761350999999997
 0.074035612000000001
 0.080209744999999999
 0.087133133000000002
 0.092645978000000004
 0.098361232000000007
 0.102760766
 0.107108809
 0.110347745
 0.111001222
 0.110563433
 0.106874413
 0.1014007
 0.096404532000000001
 0.091334946
 0.085676899000000001
 0.078110785000000002
 0.072032398999999997
 0.065325210999999994
 0.060372403999999998
 0.054647762000000003


# name: Cem2
# type: matrix
# rows: 38
# columns: 1
 0.15575462000000001
 0.15616796899999999
 0.157097451
 0.15710529000000001
 0.157202231
 0.15762605900000001
 0.157305794
 0.15695777599999999
 0.15623846899999999
 0.15566342899999999
 0.154839535
 0.15402450200000001
 0.152785226
 0.151502149
 0.149636397
 0.14786479799999999
 0.14630173099999999
 0.14355648500000001
 0.14129951900000001
 0.138638978
 0.136439431
 0.133571526
 0.13088277700000001
 0.1280018
 0.125185613
 0.121972207
 0.118947212
 0.11594565599999999
 0.112899651
 0.11005340199999999
 0.107066851
 0.103852689
 0.10035997000000001
 0.097234388000000005
 0.093908818000000005
 0.091227385999999994
 0.087680117000000002
 0.084702846999999998


# name: Cex3
# type: matrix
# rows: 53
# columns: 1
 0.330340884
 0.302715383
 0.29256320299999999
 0.27376802900000002
 0.244270773
 0.21534098099999999
 0.18580469299999999
 0.16414240299999999
 0.15349654800000001
 0.15200706899999999
 0.160288932
 0.17429176900000001
 0.194948024
 0.21344505599999999
 0.22324327699999999
 0.22117674500000001
 0.20855701600000001
 0.19092964800000001
 0.17127837200000001
 0.15238512100000001
 0.134338554
 0.115499516
 0.097311850000000005
 0.079009676000000001
 0.059983588999999997
 0.043262582000000001
 0.028323249000000002
 0.015159017
 0.004886324
 0
 0
 0
 0
 0
 0
 0
 0
 0
 0
 0
 0
 0
 0
 0
 0
 0
 0
 0
 0
 0
 0
 0
 0


# name: Cem3
# type: matrix
# rows: 38
# columns: 1
 0.077233343999999995
 0.074861316999999997
 0.071968639000000001
 0.069341623000000005
 0.066475778999999999
 0.063895856000000001
 0.06122143
 0.058708019
 0.056402509000000003
 0.054093806000000001
 0.052286230000000003
 0.050505701
 0.048630113000000003
 0.046901421999999998
 0.045130778000000003
 0.044008095999999997
 0.042548599999999999
 0.040581388000000003
 0.039081758000000001
 0.037883976999999999
 0.036614190999999997
 0.035040929999999998
 0.034114651000000003
 0.033057555000000002
 0.031739208999999997
 0.030559177999999999
 0.029992799000000001
 0.028901438000000002
 0.027862266
 0.027267149000000001
 0.026266721
 0.025466216
 0.024730023
 0.024047704
 0.023164754999999999
 0.022387639000000001
 0.021684583
 0.021242075999999999


# name: Cex4
# type: matrix
# rows: 53
# columns: 1
 0.105783898
 0.15511102600000001
 0.16233129600000001
 0.180840418
 0.209947517
 0.21596822700000001
 0.211482536
 0.190622968
 0.16273900999999999
 0.13155112299999999
 0.090799566999999998
 0.064867357
 0.039198561999999999
 0.023612234999999999
 0.01957304
 0.026545025999999999
 0.041765123000000001
 0.060241477000000002
 0.084030937999999999
 0.113424478
 0.13523194499999999
 0.16016470099999999
 0.17990303899999999
 0.201820849
 0.22343560100000001
 0.234347792
 0.239110884
 0.241829987
 0.23974705199999999
 0.2317244
 0.21785569900000001
 0.201799489
 0.18460273399999999
 0.16071564399999999
 0.13847232400000001
 0.113598083
 0.090756119999999996
 0.072938968000000007
 0.058831353000000003
 0.044814066
 0.030863380999999999
 0.017453300000000001
 0.0050490550000000002
 0
 0
 0
 0
 0
 0
 0
 0
 0
 0


# name: Cem4
# type: matrix
# rows: 38
# columns: 1
 0.128675026
 0.12526189700000001
 0.121618432
 0.118324343
 0.114663685
 0.111309731
 0.10775079
 0.104434992
 0.101218292
 0.098268743000000006
 0.095383577999999997
 0.092856194000000003
 0.089749437000000001
 0.087293508000000006
 0.084086143000000002
 0.081464790999999995
 0.078754171999999997
 0.075775037000000003
 0.073206777000000001
 0.070479213999999998
 0.068193284000000007
 0.065420538
 0.063216519999999998
 0.060847444000000001
 0.058674883999999997
 0.056523937000000003
 0.054707301
 0.052680844999999997
 0.050938943
 0.049131638999999998
 0.047441082000000002
 0.045428766000000002
 0.043841920999999999
 0.042178436999999999
 0.040677145999999997
 0.038943351000000001
 0.037725328000000002
 0.036150970999999997


