# Created by Octave 7.3.0, Sun Oct 29 23:54:03 2023 UTC <jovyan@224710f94f77>
# name: C
# type: scalar
6


# name: Cex
# type: matrix
# rows: 42
# columns: 1
 250
 255
 260
 265
 270
 275
 280
 285
 290
 295
 300
 305
 310
 315
 320
 325
 330
 335
 340
 345
 350
 355
 360
 365
 370
 375
 380
 385
 390
 395
 400
 405
 410
 415
 420
 425
 430
 435
 440
 445
 450
 455


# name: Cem
# type: matrix
# rows: 73
# columns: 1
 290
 294
 298
 302
 306
 310
 314
 318
 322
 326
 330
 334
 338
 342
 346
 350
 354
 358
 362
 366
 370
 374
 378
 382
 386
 390
 394
 398
 402
 406
 410
 414
 418
 422
 426
 430
 434
 438
 442
 446
 450
 454
 458
 462
 466
 470
 474
 478
 482
 486
 490
 494
 498
 502
 506
 510
 514
 518
 522
 526
 530
 534
 538
 542
 546
 550
 554
 558
 562
 566
 570
 574
 578


# name: Cex1
# type: matrix
# rows: 42
# columns: 1
 0.346339693
 0.33222462800000002
 0.29387760499999999
 0.25895543900000001
 0.22561943400000001
 0.20235755999999999
 0.19386473100000001
 0.18687949600000001
 0.183311908
 0.186410037
 0.190873764
 0.19494652400000001
 0.196333652
 0.19777850899999999
 0.19442622000000001
 0.19023242200000001
 0.18042885
 0.17216731599999999
 0.16045452399999999
 0.147815801
 0.13235472000000001
 0.111695318
 0.090318030999999993
 0.069211062000000004
 0.051076597000000001
 0.036640364000000002
 0.024036478
 0.013017627
 0.0045152810000000003
 0
 0
 0
 0
 0
 0
 0
 0
 0
 0
 0
 0
 0


# name: Cem1
# type: matrix
# rows: 73
# columns: 1
 0
 0
 0
 0
 0
 0
 0.00030880600000000001
 0
 0
 0
 0
 0
 0
 0
 0
 0
 0.00062199300000000005
 0.010591946
 0.022407148000000002
 0.035514997
 0.049676468000000001
 0.065702978999999995
 0.081913421
 0.099178138999999998
 0.11773979800000001
 0.136742851
 0.156507112
 0.17067807099999999
 0.182667989
 0.19327804400000001
 0.203436956
 0.21132675200000001
 0.218018182
 0.22276353500000001
 0.22539923000000001
 0.2265913
 0.224429078
 0.220848183
 0.21515716600000001
 0.20859582700000001
 0.20080910699999999
 0.19242462299999999
 0.18467423199999999
 0.175010158
 0.16585362300000001
 0.15632542399999999
 0.14621403899999999
 0.13609420699999999
 0.12630350600000001
 0.117336221
 0.108499796
 0.100436209
 0.092653448999999999
 0.085626995999999997
 0.079354412999999999
 0.073499381000000003
 0.068032553999999995
 0.062967952999999993
 0.058248329000000001
 0.053921086
 0.049717944
 0.046037414999999998
 0.042607937999999998
 0.039678014999999997
 0.036830882000000002
 0.034256421000000002
 0.031936429000000002
 0.030127212
 0.028287433000000001
 0.026569872000000001
 0.024783103000000001
 0.023334044000000002
 0.021509495


# name: Cex2
# type: matrix
# rows: 42
# columns: 1
 0.28156789199999999
 0.29565295000000003
 0.29189256000000002
 0.287168696
 0.276822016
 0.257810074
 0.24184346900000001
 0.22139403999999999
 0.200389924
 0.183939038
 0.16947535599999999
 0.15673552599999999
 0.14565003000000001
 0.13627491999999999
 0.127305206
 0.119962177
 0.112311219
 0.10758462100000001
 0.103210651
 0.100844984
 0.099175842
 0.096828211999999997
 0.095289572000000003
 0.094565599
 0.094982880000000006
 0.095772013000000003
 0.097123534999999997
 0.098308786999999995
 0.098611839000000007
 0.098992751000000004
 0.099514435999999998
 0.098574288999999995
 0.096656760999999994
 0.093426506000000006
 0.088928392999999994
 0.084801599000000005
 0.080294726999999996
 0.074706796000000006
 0.068069641
 0.060067176
 0.053886793000000002
 0.048551447999999997


# name: Cem2
# type: matrix
# rows: 73
# columns: 1
 0
 0
 0
 0
 0
 0
 0
 0
 0
 0
 0
 0
 0
 0
 0
 0
 0.0019681170000000001
 0.00045663099999999999
 0
 0
 0
 0
 0
 0
 0
 0
 0
 0
 0
 0
 0
 0
 0
 0
 0
 0
 0
 0
 0.011645379000000001
 0.026037149999999998
 0.041800265000000003
 0.057508666
 0.073873786999999996
 0.089443454000000006
 0.105120982
 0.120468318
 0.13628054100000001
 0.151178442
 0.165036248
 0.176971184
 0.18789663000000001
 0.19672320099999999
 0.203661498
 0.20926130000000001
 0.21331976799999999
 0.21653623799999999
 0.21773521600000001
 0.21875081399999999
 0.21834757699999999
 0.21643361
 0.21303582900000001
 0.20914719000000001
 0.20443059099999999
 0.19828779999999999
 0.19210996499999999
 0.18510068199999999
 0.17785711900000001
 0.17069294400000001
 0.162963934
 0.15540584700000001
 0.149302881
 0.14205778899999999
 0.13536392899999999


# name: Cex3
# type: matrix
# rows: 42
# columns: 1
 0.25721001799999998
 0.29069175800000002
 0.31150323600000002
 0.31563054099999999
 0.287117444
 0.24045160800000001
 0.19325183300000001
 0.158437826
 0.13068574899999999
 0.10460699800000001
 0.082026326999999996
 0.066750190000000001
 0.058998675
 0.049234616000000002
 0.048744257999999999
 0.051840898000000003
 0.062836964999999995
 0.076272313999999994
 0.092510505000000007
 0.109881273
 0.130281859
 0.156633667
 0.18083043100000001
 0.19728542800000001
 0.20357581199999999
 0.203014153
 0.198101784
 0.19008013200000001
 0.179087625
 0.158851035
 0.12870074300000001
 0.102204343
 0.080560739000000006
 0.061951141000000001
 0.046308967999999999
 0.032068771000000003
 0.019143154999999999
 0.0081359810000000005
 0
 0
 0
 0


# name: Cem3
# type: matrix
# rows: 73
# columns: 1
 0
 0
 0
 0
 0
 0
 0.00052542500000000005
 0.00062208100000000002
 0.00085532800000000003
 0.00053089599999999999
 0
 0
 0
 0
 0
 0
 0
 0
 0
 0
 0
 0
 0
 0
 0
 0
 0
 0.011840012
 0.027757121999999999
 0.045040547
 0.063108025999999998
 0.082489354000000001
 0.101931101
 0.12197749200000001
 0.14288595700000001
 0.164294633
 0.18648068200000001
 0.20778363499999999
 0.21949269499999999
 0.227621928
 0.23336965700000001
 0.23708996700000001
 0.238628016
 0.23833220299999999
 0.23656031199999999
 0.23258541899999999
 0.22520291000000001
 0.21605137899999999
 0.20586226199999999
 0.195637216
 0.184019244
 0.17242880099999999
 0.16051454900000001
 0.14903688200000001
 0.13843925200000001
 0.127726173
 0.11751326600000001
 0.107743217
 0.098480939000000003
 0.089465581000000002
 0.081385702000000004
 0.073605474000000004
 0.066106449999999997
 0.059725832999999999
 0.053412267999999999
 0.047867763000000001
 0.043249147000000002
 0.039182976000000001
 0.036209947999999999
 0.032958761000000003
 0.028641611000000001
 0.025950804000000001
 0.023277749


# name: Cex4
# type: matrix
# rows: 42
# columns: 1
 0.33582176000000002
 0.30239131600000002
 0.27139833899999999
 0.25371407099999999
 0.24287856699999999
 0.237410392
 0.24299588699999999
 0.25354394899999999
 0.26134761200000001
 0.26002810399999998
 0.252021361
 0.24043693799999999
 0.22395389700000001
 0.19606833900000001
 0.16991980500000001
 0.13961024899999999
 0.112083985
 0.086391559000000007
 0.059826588
 0.033633899000000002
 0.011382430000000001
 0
 0
 0
 0
 0
 0
 0
 0
 0
 0
 0
 0
 0
 0
 0
 0
 0
 0
 0
 1.9655000000000001e-06
 2.7948200000000001e-05


