# Created by Octave 7.3.0, Sun Oct 29 23:49:19 2023 UTC <jovyan@224710f94f77>
# name: C
# type: scalar
5


# name: Cex
# type: matrix
# rows: 35
# columns: 1
 265
 270
 275
 280
 285
 290
 295
 300
 305
 310
 315
 320
 325
 330
 335
 340
 345
 350
 355
 360
 365
 370
 375
 380
 385
 390
 395
 400
 405
 410
 415
 420
 425
 430
 435


# name: Cem
# type: matrix
# rows: 76
# columns: 1
 300
 304
 308
 312
 316
 320
 324
 328
 332
 336
 340
 344
 348
 352
 356
 360
 364
 368
 372
 376
 380
 384
 388
 392
 396
 400
 404
 408
 412
 416
 420
 424
 428
 432
 436
 440
 444
 448
 452
 456
 460
 464
 468
 472
 476
 480
 484
 488
 492
 496
 500
 504
 508
 512
 516
 520
 524
 528
 532
 536
 540
 544
 548
 552
 556
 560
 564
 568
 572
 576
 580
 584
 588
 592
 596
 600


# name: Cex1
# type: matrix
# rows: 35
# columns: 1
 0.272789642
 0.245151755
 0.21264925300000001
 0.19188321
 0.17888284099999999
 0.170464013
 0.17235941900000001
 0.17091698899999999
 0.178712959
 0.193095507
 0.199886288
 0.20923887899999999
 0.21953315800000001
 0.220883091
 0.22689252500000001
 0.22729600999999999
 0.227685949
 0.21711039600000001
 0.210801723
 0.202454777
 0.17972115
 0.16550911500000001
 0.14629256700000001
 0.124996116
 0.106070848
 0.087618421000000002
 0.070272568999999993
 0.053360102999999999
 0.039195081
 0.02720353
 0.015759469000000002
 0.004778114
 0
 0
 0


# name: Cem1
# type: matrix
# rows: 76
# columns: 1
 0
 0
 0
 0
 0
 0
 0
 0.001783485
 0.0044600380000000004
 0.0080277279999999996
 0.0047085460000000001
 0.0051204229999999998
 0.00079970499999999995
 0
 0
 0
 0
 0
 0
 0
 0.010535699000000001
 0.022452758
 0.037833443000000001
 0.053988711000000002
 0.079047658000000007
 0.101537715
 0.1243528
 0.148024242
 0.17112034500000001
 0.19255865599999999
 0.21875112799999999
 0.240428119
 0.258782707
 0.265684582
 0.26719983400000002
 0.26429894700000001
 0.255420341
 0.2492191
 0.232636605
 0.222688948
 0.20450937799999999
 0.192756662
 0.18258386300000001
 0.16863418299999999
 0.159208725
 0.14496523
 0.12978300200000001
 0.114514886
 0.102508587
 0.09154495
 0.079916245999999996
 0.070244265
 0.059684150999999998
 0.050568464
 0.041414083999999997
 0.036102687000000001
 0.030602240999999999
 0.025454932
 0.020735139
 0.016921228999999999
 0.012245957999999999
 0.0092562770000000003
 0.0079560499999999992
 0.0058066130000000004
 0.0045631889999999996
 0.00256178
 0.0013431890000000001
 0.00091729799999999998
 2.4544200000000001e-05
 0
 0
 0
 0
 0
 0
 0


# name: Cex2
# type: matrix
# rows: 35
# columns: 1
 0.30417431499999997
 0.304049128
 0.28256625299999999
 0.26428035300000002
 0.24154346099999999
 0.21722372000000001
 0.19973291900000001
 0.178412021
 0.162916491
 0.15577586199999999
 0.146444087
 0.14261237500000001
 0.14192616899999999
 0.13811674099999999
 0.137226715
 0.13744895800000001
 0.13834850800000001
 0.138011354
 0.14233615299999999
 0.14683612099999999
 0.14139764299999999
 0.144467341
 0.149010641
 0.147628282
 0.14827337500000001
 0.14367724900000001
 0.13685505100000001
 0.12982759399999999
 0.12380115899999999
 0.11584681600000001
 0.11007950499999999
 0.107355718
 0.097911257000000002
 0.085996157000000004
 0.078110817999999999


# name: Cem2
# type: matrix
# rows: 76
# columns: 1
 0
 0
 0
 0
 0
 0
 0
 0.00016695699999999999
 0
 0
 0
 0
 0.00077939899999999996
 0.0017065489999999999
 0
 0
 0
 0
 0
 0
 0
 0
 0
 0
 0
 0
 0
 0
 0
 0
 0
 0
 0.004651227
 0.018846195999999999
 0.035895972999999998
 0.054291091999999999
 0.075093678999999997
 0.095156642999999999
 0.109876477
 0.124758933
 0.13587290899999999
 0.14824252199999999
 0.16220797300000001
 0.17456517399999999
 0.187968512
 0.199578952
 0.20722629100000001
 0.211477111
 0.21422306299999999
 0.21424944100000001
 0.21829167599999999
 0.22083803900000001
 0.21706703899999999
 0.21085541199999999
 0.20645957000000001
 0.20214030499999999
 0.195666964
 0.18916577800000001
 0.18110082499999999
 0.1692003
 0.16055947000000001
 0.15077357199999999
 0.14740441900000001
 0.13813008600000001
 0.13097014300000001
 0.125211296
 0.113692139
 0.105532299
 0.097028113999999999
 0.092028080999999998
 0.084734578000000005
 0.079079599
 0.072770669999999996
 0.066183353
 0.060754038000000003
 0.057690929000000002


# name: Cex3
# type: matrix
# rows: 35
# columns: 1
 0.488147848
 0.41499640300000001
 0.34552307199999999
 0.29475749899999998
 0.25734381499999998
 0.22804458399999999
 0.21311269799999999
 0.19407490899999999
 0.18260539200000001
 0.176457802
 0.16239545499999999
 0.14805649800000001
 0.13363702099999999
 0.115856712
 0.102633418
 0.090802545999999998
 0.080197207000000006
 0.068330468000000005
 0.057423016
 0.046298559000000003
 0.035511216999999998
 0.026844400000000001
 0.018945693999999999
 0.011918229000000001
 0.0062034309999999997
 0.0033202819999999999
 0.000118131
 0
 0
 0
 0
 0
 0
 0
 0


# name: Cem3
# type: matrix
# rows: 76
# columns: 1
 0
 0
 0
 0
 0
 0
 0
 0.00059418600000000002
 0.00051024800000000004
 0
 0
 0
 0.000456887
 0.0038597459999999998
 0.0076914160000000004
 0.012766609
 0.020176922999999999
 0.028515189
 0.039397925
 0.051090262999999997
 0.060898783999999997
 0.073256045000000006
 0.084407919999999997
 0.097528604000000005
 0.110576033
 0.124181894
 0.13492320899999999
 0.146045122
 0.15815611099999999
 0.16894224899999999
 0.182097225
 0.193014295
 0.20078025199999999
 0.204657482
 0.20605546799999999
 0.20397704999999999
 0.20015933299999999
 0.19904758
 0.19093565800000001
 0.187126295
 0.179060633
 0.175265326
 0.17351723899999999
 0.16861073400000001
 0.16874914199999999
 0.165189687
 0.15933916000000001
 0.152471351
 0.14897728900000001
 0.14318256700000001
 0.13952636299999999
 0.13557459499999999
 0.12961339299999999
 0.122726221
 0.117154074
 0.113885947
 0.108436569
 0.10352705199999999
 0.098026316000000002
 0.091432898999999998
 0.085603866000000001
 0.080096782000000005
 0.077587526000000004
 0.073021999000000004
 0.069813178000000004
 0.066150440000000005
 0.060139737999999998
 0.055916858
 0.051002288999999999
 0.048891807000000002
 0.045664717000000001
 0.042698363000000003
 0.039158159999999997
 0.035742147000000002
 0.033058353999999998
 0.030680723999999999


# name: Cex4
# type: matrix
# rows: 35
# columns: 1
 0.22605855799999999
 0.19532928399999999
 0.178332985
 0.185180553
 0.203161182
 0.22435524300000001
 0.25536505799999998
 0.26582151599999998
 0.28182169000000001
 0.29588288299999999
 0.293492688
 0.28989256299999999
 0.27891684900000002
 0.25336548399999997
 0.226522267
 0.19168655300000001
 0.154818646
 0.119711769
 0.086532477999999996
 0.056844387000000003
 0.030140035999999999
 0.0069406069999999997
 0
 0
 0
 0
 0
 0
 0
 0
 0
 0.000346464
 0.00039216199999999999
 0.00065882400000000002
 0.00080531699999999995


