# Created by Octave 7.3.0, Mon Oct 16 01:08:21 2023 UTC <jovyan@224710f94f77>
# name: C
# type: scalar
3


# name: Cex
# type: matrix
# rows: 67
# columns: 1
 252
 255
 258
 261
 264
 267
 270
 273
 276
 279
 282
 285
 288
 291
 294
 297
 300
 303
 306
 309
 312
 315
 318
 321
 324
 327
 330
 333
 336
 339
 342
 345
 348
 351
 354
 357
 360
 363
 366
 369
 372
 375
 378
 381
 384
 387
 390
 393
 396
 399
 402
 405
 408
 411
 414
 417
 420
 423
 426
 429
 432
 435
 438
 441
 444
 447
 450


# name: Cem
# type: matrix
# rows: 182
# columns: 1
 301
 302
 304
 306
 307
 309
 310
 312
 314
 315
 317
 319
 320
 322
 323
 325
 327
 328
 330
 331
 333
 335
 336
 338
 340
 341
 343
 345
 346
 348
 349
 351
 353
 354
 356
 358
 359
 361
 362
 364
 366
 367
 369
 371
 372
 374
 376
 377
 379
 380
 382
 384
 385
 387
 389
 390
 392
 394
 395
 397
 399
 400
 402
 403
 405
 407
 408
 410
 412
 413
 415
 417
 418
 420
 422
 423
 425
 426
 428
 430
 431
 433
 435
 436
 438
 440
 441
 443
 445
 446
 448
 450
 451
 453
 455
 456
 458
 460
 461
 463
 465
 466
 468
 469
 471
 473
 474
 476
 478
 479
 481
 483
 484
 486
 488
 489
 491
 493
 494
 496
 498
 499
 501
 503
 504
 506
 508
 509
 511
 513
 514
 516
 518
 519
 521
 523
 524
 526
 528
 529
 531
 533
 534
 536
 538
 539
 541
 543
 544
 546
 548
 549
 551
 553
 554
 556
 558
 559
 561
 563
 564
 566
 568
 569
 571
 573
 574
 576
 578
 579
 581
 583
 584
 586
 588
 589
 591
 593
 594
 596
 598
 599


# name: Cex1
# type: matrix
# rows: 67
# columns: 1
 0.28894713700000002
 0.279711078
 0.26949905600000001
 0.25566066700000001
 0.240824023
 0.22606532700000001
 0.21148216
 0.19820696600000001
 0.18347444600000001
 0.17107083100000001
 0.158896707
 0.14828314300000001
 0.139732205
 0.13188454399999999
 0.12604817300000001
 0.121101
 0.116590111
 0.113091463
 0.11025213
 0.107791733
 0.105735307
 0.10415364100000001
 0.103189766
 0.102077775
 0.10182047800000001
 0.102097889
 0.102356926
 0.10286337700000001
 0.10325902200000001
 0.10348059599999999
 0.103076497
 0.102240501
 0.101313377
 0.10051048899999999
 0.099137008999999998
 0.098541507
 0.097562704
 0.096296117000000001
 0.094560066999999998
 0.092427390999999998
 0.089880004999999999
 0.087084862999999998
 0.083652675999999995
 0.079656988999999997
 0.075511018999999999
 0.069925181000000003
 0.066056696999999998
 0.061622187000000002
 0.058588664999999998
 0.054714829
 0.051808396999999999
 0.049014530000000001
 0.046727912000000003
 0.043170171
 0.040591133000000001
 0.038463216000000001
 0.036866698000000003
 0.034661810000000001
 0.032754724999999998
 0.031244564999999998
 0.030069835999999999
 0.02858492
 0.027001919999999999
 0.025351782999999999
 0.024423429999999999
 0.023367094000000001
 0.022540920999999998


# name: Cem1
# type: matrix
# rows: 182
# columns: 1
 0
 0
 0.00088121200000000003
 0.0017759760000000001
 0.0021909899999999999
 0.0025272720000000001
 0.002202383
 0.0040976859999999997
 0.0023718889999999999
 0.003635784
 0.002491175
 0.0023377049999999998
 0.0039972899999999997
 0.0044287069999999996
 0.0041873759999999996
 0.0034466459999999998
 9.0087000000000007e-05
 9.8817700000000004e-06
 0
 0
 0
 0
 0
 0
 0
 0
 0
 0
 0
 0
 0
 0
 0
 0
 0
 0
 0
 0
 0
 0
 0
 0
 0
 0
 0
 0
 0
 0
 0
 0
 0
 0
 0.00029273800000000002
 0.0028500349999999999
 0.0081118549999999994
 0.009563907
 0.015452066
 0.017444134
 0.022552381999999999
 0.026311607000000001
 0.032838974999999999
 0.037041878
 0.039787564999999997
 0.045837382000000003
 0.047764193000000003
 0.052782451000000001
 0.056264398
 0.061538221999999997
 0.064023578999999997
 0.069144336000000001
 0.074540187999999993
 0.074856213000000005
 0.081876832999999996
 0.084387172999999996
 0.086210083000000007
 0.088357409999999997
 0.09158463
 0.096916574000000005
 0.098971487999999996
 0.099964101999999999
 0.10401328999999999
 0.107374016
 0.11048140400000001
 0.11368012700000001
 0.116344644
 0.119614175
 0.121545848
 0.119993013
 0.124327653
 0.127223119
 0.12592904299999999
 0.12839187299999999
 0.12955792899999999
 0.131203124
 0.13099107500000001
 0.13070464300000001
 0.13101643199999999
 0.131185412
 0.132196275
 0.13275347200000001
 0.129841076
 0.133397353
 0.13191407699999999
 0.13052718099999999
 0.13017238
 0.129309541
 0.1275424
 0.129081853
 0.128563169
 0.128325994
 0.12542787599999999
 0.124153395
 0.123346545
 0.122614865
 0.123031686
 0.120854506
 0.12022880599999999
 0.11957380300000001
 0.115540422
 0.11498029999999999
 0.114927417
 0.11070738099999999
 0.107954465
 0.106533366
 0.103642215
 0.10135195299999999
 0.098904922000000006
 0.096505759999999996
 0.095321676999999994
 0.093452387999999997
 0.091104318000000004
 0.090648359999999997
 0.091253012999999994
 0.089202137000000001
 0.088644587999999996
 0.087242357000000006
 0.082478651
 0.078521443999999996
 0.078015609999999999
 0.075293684999999999
 0.073694792999999995
 0.069438066000000007
 0.067160436000000004
 0.065430712000000002
 0.065007794999999993
 0.059355616999999999
 0.061940852999999997
 0.061369
 0.060936579999999997
 0.059792100000000001
 0.058833771
 0.055958358
 0.056880127000000003
 0.053624179000000001
 0.051609975000000002
 0.049911437000000003
 0.048345104999999999
 0.046890770999999998
 0.045998402000000001
 0.043009149000000003
 0.042326991000000001
 0.043152724000000003
 0.040408778999999999
 0.041540070999999998
 0.039779597
 0.037434069
 0.037586847
 0.038084175999999997
 0.034162172999999997
 0.032570607000000001
 0.032724885000000002
 0.032148916999999999
 0.030863809999999998
 0.028722619000000001
 0.028165307000000001
 0.028099534999999998
 0.025435630000000001
 0.026484657000000002
 0.026723431999999998
 0.025125650999999999
 0.023619484999999999
 0.023522537999999999


# name: Cex2
# type: matrix
# rows: 67
# columns: 1
 0.270139662
 0.24394900999999999
 0.22109437300000001
 0.202721184
 0.18460874499999999
 0.170968022
 0.163689053
 0.16018885099999999
 0.160523995
 0.16196643799999999
 0.16582528699999999
 0.17174029199999999
 0.17294810799999999
 0.17660534899999999
 0.17849880100000001
 0.18030064400000001
 0.18191162899999999
 0.183497471
 0.18365942399999999
 0.18307269100000001
 0.180752888
 0.177551499
 0.17242850600000001
 0.167515671
 0.161851088
 0.154542982
 0.14645203900000001
 0.13721507099999999
 0.12802641100000001
 0.117687626
 0.106942434
 0.097398845999999997
 0.088426552000000005
 0.080120699000000004
 0.070502367999999996
 0.060153588000000001
 0.051173903999999999
 0.042729791000000003
 0.035208330000000003
 0.026319011999999999
 0.019973933999999999
 0.012733970000000001
 0.0045890239999999997
 0
 0
 0
 0
 0
 0
 0
 0
 0
 0
 0
 0
 0
 0
 0
 0
 0
 0
 0
 0
 0
 0
 0
 0


