# Created by Octave 7.3.0, Mon Oct 16 01:12:12 2023 UTC <jovyan@224710f94f77>
# name: C
# type: scalar
4


# name: Cex
# type: matrix
# rows: 22
# columns: 1
 240
 250
 260
 270
 280
 290
 300
 310
 320
 330
 340
 350
 360
 370
 380
 390
 400
 410
 420
 430
 440
 450


# name: Cem
# type: matrix
# rows: 131
# columns: 1
 300
 302
 304
 306
 308
 310
 312
 314
 316
 318
 320
 322
 324
 326
 328
 330
 332
 334
 336
 338
 340
 342
 344
 346
 348
 350
 352
 354
 356
 358
 360
 362
 364
 366
 368
 370
 372
 374
 376
 378
 380
 382
 384
 386
 388
 390
 392
 394
 396
 398
 400
 402
 404
 406
 408
 410
 412
 414
 416
 418
 420
 422
 424
 426
 428
 430
 432
 434
 436
 438
 440
 442
 444
 446
 448
 450
 452
 454
 456
 458
 460
 462
 464
 466
 468
 470
 472
 474
 476
 478
 480
 482
 484
 486
 488
 490
 492
 494
 496
 498
 500
 502
 504
 506
 508
 510
 512
 514
 516
 518
 520
 522
 524
 526
 528
 530
 532
 534
 536
 538
 540
 542
 544
 546
 548
 550
 552
 554
 556
 558
 560


# name: Cex1
# type: matrix
# rows: 22
# columns: 1
 0.52851675200000003
 0.443119814
 0.35228474799999998
 0.26046577799999998
 0.21517149699999999
 0.207923727
 0.22747610800000001
 0.23384961100000001
 0.22414524499999999
 0.196877156
 0.15606624799999999
 0.10980678100000001
 0.080364543999999996
 0.055039142999999999
 0.034365608999999998
 0.017748911999999999
 0.002478503
 0
 0
 0
 0
 0


# name: Cem1
# type: matrix
# rows: 131
# columns: 1
 0
 0
 0
 0
 0.0019826459999999998
 0.0048289759999999996
 0.007162786
 0.0093598180000000007
 0.013491232000000001
 0.015147470999999999
 0.015035758999999999
 0.018817260999999998
 0.019778260999999998
 0.021003440000000002
 0.024164787
 0.025306367999999999
 0.028217189
 0.030760131999999999
 0.032809644999999998
 0.035778191000000001
 0.038570448
 0.041320176
 0.044248958999999997
 0.047378204
 0.050150298000000003
 0.053583392000000001
 0.056922307999999998
 0.060557039999999999
 0.063908363999999995
 0.067821031000000004
 0.071451480999999997
 0.075551343000000007
 0.079347213
 0.083282667000000005
 0.087005239999999998
 0.091231917999999995
 0.095204287999999998
 0.099090612999999994
 0.103464877
 0.10803360300000001
 0.11261908
 0.11754606300000001
 0.12168345
 0.12578674000000001
 0.13021870499999999
 0.13419804699999999
 0.13774276699999999
 0.14064657799999999
 0.14232303399999999
 0.145372738
 0.14546219599999999
 0.147923635
 0.149818801
 0.151118849
 0.15221464400000001
 0.152860248
 0.15289112899999999
 0.15353312699999999
 0.153175064
 0.152173477
 0.151508896
 0.150322649
 0.14847258799999999
 0.14635242100000001
 0.143265962
 0.14195725100000001
 0.139822638
 0.13659663699999999
 0.133688265
 0.1303503
 0.12728015600000001
 0.12383668
 0.119790861
 0.116643839
 0.113433144
 0.110464571
 0.107824926
 0.104881024
 0.10216062200000001
 0.099828714999999998
 0.097366041
 0.094379452000000003
 0.091473120000000005
 0.088897564999999998
 0.086141917999999998
 0.083007748000000006
 0.080642397000000005
 0.078417449
 0.075988252000000006
 0.073555001999999994
 0.071196757999999999
 0.069013828999999999
 0.066915142999999996
 0.064555698999999994
 0.062450945000000001
 0.060590044000000003
 0.058643933000000002
 0.056669364999999999
 0.055000552000000001
 0.053499243000000002
 0.051792268000000002
 0.050380915999999998
 0.049011007000000002
 0.047753377
 0.046437038999999999
 0.045134486000000001
 0.043980381999999998
 0.042739239999999998
 0.041574916000000003
 0.040592466000000001
 0.039556767999999999
 0.038315349999999998
 0.037289602999999998
 0.036244671999999999
 0.035298457999999998
 0.034147996
 0.032984025
 0.032232957999999999
 0.031268358000000003
 0.030439007000000001
 0.029796089000000001
 0.029068884999999999
 0.028210279000000001
 0.027328756999999999
 0.026371742
 0.025537262000000002
 0.024985347000000001
 0.024012706000000002
 0.023018897
 0.022129741000000001
 0.021097861999999998


# name: Cex2
# type: matrix
# rows: 22
# columns: 1
 0.372048728
 0.427920578
 0.40893835499999998
 0.370445105
 0.30531517499999999
 0.23640058799999999
 0.182461345
 0.155952325
 0.14307630499999999
 0.13626207600000001
 0.12787760500000001
 0.12977411
 0.127695534
 0.12801200700000001
 0.119960134
 0.111444075
 0.104678308
 0.089529506999999994
 0.077448520000000007
 0.067380887
 0.058560563000000003
 0.051099946


# name: Cem2
# type: matrix
# rows: 131
# columns: 1
 0
 0
 0.000139293
 0.001662366
 0.0026312800000000002
 0.0031576999999999998
 0.001691793
 0.00065889300000000002
 0
 0
 0.001770932
 0.00124548
 0.0021666950000000002
 0.001628581
 0.0012713589999999999
 0.001824521
 0.001508206
 5.96036e-05
 0
 0
 0
 0
 0
 0
 0
 0
 0
 0
 0
 0
 0
 0
 0
 0
 0
 0
 0
 0
 0
 0
 0
 0
 0
 0
 0
 0.00085174899999999995
 0.0033487460000000001
 0.00596175
 0.0095501690000000007
 0.012475955
 0.018902186000000001
 0.022405680000000001
 0.026329895999999998
 0.030028613999999999
 0.034697352000000001
 0.039262109000000003
 0.043707284999999998
 0.047854768999999998
 0.051964287999999997
 0.056984262000000001
 0.059829274000000002
 0.064410841999999996
 0.068026133000000003
 0.072187151000000005
 0.076775006000000007
 0.079248858000000005
 0.082759901999999996
 0.086430212000000006
 0.089565474000000006
 0.092632302
 0.095164788
 0.097858164999999997
 0.10081011199999999
 0.10387020800000001
 0.10700652500000001
 0.109094016
 0.112179314
 0.114975593
 0.11789896900000001
 0.121356099
 0.1242024
 0.12646749199999999
 0.128996152
 0.131404628
 0.133061447
 0.134291629
 0.13606695699999999
 0.13715639199999999
 0.138216059
 0.138998435
 0.139637335
 0.14059022700000001
 0.140813258
 0.139993323
 0.13976676800000001
 0.139574002
 0.13921566399999999
 0.13856642899999999
 0.13783848800000001
 0.137525909
 0.13688354899999999
 0.13645465700000001
 0.136018633
 0.13523142199999999
 0.13444204700000001
 0.13359201800000001
 0.13271795
 0.131698221
 0.130626403
 0.129521475
 0.128180775
 0.126695959
 0.12523009500000001
 0.123828139
 0.122339871
 0.120556621
 0.118592026
 0.116631861
 0.114685358
 0.112617421
 0.110607335
 0.108533728
 0.106234387
 0.103988971
 0.102065268
 0.099723438999999997
 0.097382233999999998
 0.095542772999999998
 0.093238949000000002
 0.090952295000000002
 0.088588111999999997


# name: Cex3
# type: matrix
# rows: 22
# columns: 1
 0.94977952300000001
 0.27191733200000001
 0.12649202500000001
 0.064310457000000001
 0.026479615000000001
 0.016109281
 0
 0.001202954
 0.0094336720000000006
 0.031873409999999998
 0.042151154000000003
 0
 0
 0
 0
 0
 0
 0
 0
 0
 0
 0


