# Created by Octave 7.3.0, Sun Oct 29 23:44:27 2023 UTC <jovyan@224710f94f77>
# name: C
# type: scalar
8


# name: Cex
# type: matrix
# rows: 39
# columns: 1
 260
 265
 270
 275
 280
 285
 290
 295
 300
 305
 310
 315
 320
 325
 330
 335
 340
 345
 350
 355
 360
 365
 370
 375
 380
 385
 390
 395
 400
 405
 410
 415
 420
 425
 430
 435
 440
 445
 450


# name: Cem
# type: matrix
# rows: 39
# columns: 1
 260
 265
 270
 275
 280
 285
 290
 295
 300
 305
 310
 315
 320
 325
 330
 335
 340
 345
 350
 355
 360
 365
 370
 375
 380
 385
 390
 395
 400
 405
 410
 415
 420
 425
 430
 435
 440
 445
 450


# name: Cex1
# type: matrix
# rows: 39
# columns: 1
 0.25996406999999999
 0.24316537999999999
 0.22342222
 0.21730272
 0.22416844
 0.23234289999999999
 0.24268664000000001
 0.2591136
 0.26638154000000003
 0.27283889
 0.27765712999999997
 0.27477273000000002
 0.26289374999999998
 0.23957047000000001
 0.21057048
 0.17718977
 0.14602286
 0.11293402
 0.085000547999999995
 0.053882728999999997
 0.033773456
 0.016963282
 0.0030566640000000002
 0
 0
 0
 0
 0
 0
 0
 0
 0
 0
 0
 0
 0
 0
 0
 0


# name: Cem1
# type: matrix
# rows: 39
# columns: 1
 0.25996406999999999
 0.24316537999999999
 0.22342222
 0.21730272
 0.22416844
 0.23234289999999999
 0.24268664000000001
 0.2591136
 0.26638154000000003
 0.27283889
 0.27765712999999997
 0.27477273000000002
 0.26289374999999998
 0.23957047000000001
 0.21057048
 0.17718977
 0.14602286
 0.11293402
 0.085000547999999995
 0.053882728999999997
 0.033773456
 0.016963282
 0.0030566640000000002
 0
 0
 0
 0
 0
 0
 0
 0
 0
 0
 0
 0
 0
 0
 0
 0


# name: Cex2
# type: matrix
# rows: 39
# columns: 1
 0.61445452
 0.51224528000000003
 0.38662758000000003
 0.313363
 0.25337562000000002
 0.18289211
 0.11220159
 0.044427932000000003
 0.003146238
 0
 0
 0
 0
 0
 0
 0.012308506
 0
 0
 0
 0
 0
 0
 0
 0
 0
 0
 0
 0
 0
 0
 0
 0
 0
 0
 0
 0
 0
 0
 0


# name: Cem2
# type: matrix
# rows: 39
# columns: 1
 0.61445452
 0.51224528000000003
 0.38662758000000003
 0.313363
 0.25337562000000002
 0.18289211
 0.11220159
 0.044427932000000003
 0.003146238
 0
 0
 0
 0
 0
 0
 0.012308506
 0
 0
 0
 0
 0
 0
 0
 0
 0
 0
 0
 0
 0
 0
 0
 0
 0
 0
 0
 0
 0
 0
 0


# name: Cex3
# type: matrix
# rows: 39
# columns: 1
 0.37401605999999998
 0.35083634000000002
 0.31528139999999999
 0.27541246000000003
 0.23838595000000001
 0.20402554000000001
 0.17666760000000001
 0.15408753
 0.13300382999999999
 0.11705976
 0.10251656000000001
 0.096279498000000005
 0.088571126
 0.085732264000000002
 0.084717569000000006
 0.087172382000000007
 0.091948292000000001
 0.098651279999999994
 0.10972800000000001
 0.12247015999999999
 0.13294155999999999
 0.14149054
 0.14677224
 0.15116094999999999
 0.15322837
 0.15283289
 0.15038744000000001
 0.14535195000000001
 0.13950090000000001
 0.13178688999999999
 0.12516294
 0.11786803
 0.108692
 0.096816738999999999
 0.085378171000000003
 0.073981803999999998
 0.063524542000000003
 0.053820456000000003
 0.045381089999999999


# name: Cem3
# type: matrix
# rows: 39
# columns: 1
 0.37401605999999998
 0.35083634000000002
 0.31528139999999999
 0.27541246000000003
 0.23838595000000001
 0.20402554000000001
 0.17666760000000001
 0.15408753
 0.13300382999999999
 0.11705976
 0.10251656000000001
 0.096279498000000005
 0.088571126
 0.085732264000000002
 0.084717569000000006
 0.087172382000000007
 0.091948292000000001
 0.098651279999999994
 0.10972800000000001
 0.12247015999999999
 0.13294155999999999
 0.14149054
 0.14677224
 0.15116094999999999
 0.15322837
 0.15283289
 0.15038744000000001
 0.14535195000000001
 0.13950090000000001
 0.13178688999999999
 0.12516294
 0.11786803
 0.108692
 0.096816738999999999
 0.085378171000000003
 0.073981803999999998
 0.063524542000000003
 0.053820456000000003
 0.045381089999999999


# name: Cex4
# type: matrix
# rows: 39
# columns: 1
 0.53255448000000005
 0.44695491999999998
 0.38485634000000002
 0.33300618999999998
 0.28121699
 0.23639407000000001
 0.18522869
 0.15025593000000001
 0.12633694000000001
 0.10569526
 0.086438210000000001
 0.076291172000000004
 0.069330145999999995
 0.060771866000000001
 0.054264146999999999
 0.047089049000000001
 0.042672515000000001
 0.040238564999999997
 0.037462786999999997
 0.033899764999999998
 0.032045823000000001
 0.029095986000000001
 0.027258049999999999
 0.023318394999999999
 0.019248276000000002
 0.01644895
 0.014355150000000001
 0.015140483
 0.013817275
 0.012660042
 0.011056041000000001
 0.012014403999999999
 0.011392362
 0.011393267
 0.0098241119999999994
 0.011366361
 0.011374944
 0.010955487999999999
 0.0094711210000000007


# name: Cem4
# type: matrix
# rows: 39
# columns: 1
 0.53255448000000005
 0.44695491999999998
 0.38485634000000002
 0.33300618999999998
 0.28121699
 0.23639407000000001
 0.18522869
 0.15025593000000001
 0.12633694000000001
 0.10569526
 0.086438210000000001
 0.076291172000000004
 0.069330145999999995
 0.060771866000000001
 0.054264146999999999
 0.047089049000000001
 0.042672515000000001
 0.040238564999999997
 0.037462786999999997
 0.033899764999999998
 0.032045823000000001
 0.029095986000000001
 0.027258049999999999
 0.023318394999999999
 0.019248276000000002
 0.01644895
 0.014355150000000001
 0.015140483
 0.013817275
 0.012660042
 0.011056041000000001
 0.012014403999999999
 0.011392362
 0.011393267
 0.0098241119999999994
 0.011366361
 0.011374944
 0.010955487999999999
 0.0094711210000000007


# name: Cex5
# type: matrix
# rows: 39
# columns: 1
 0.051080393000000002
 0.55709821000000004
 0.64905754999999998
 0.42391621000000002
 0.23998356000000001
 0.15484224999999999
 0.066958453000000001
 0
 0
 0
 0
 0
 0
 0
 0.000223952
 0
 0
 0
 0
 0
 0
 0
 0
 0
 0
 0
 0
 0
 0
 0
 0
 0
 0
 0
 0
 0
 0
 0
 0


# name: Cem5
# type: matrix
# rows: 39
# columns: 1
 0.051080393000000002
 0.55709821000000004
 0.64905754999999998
 0.42391621000000002
 0.23998356000000001
 0.15484224999999999
 0.066958453000000001
 0
 0
 0
 0
 0
 0
 0
 0.000223952
 0
 0
 0
 0
 0
 0
 0
 0
 0
 0
 0
 0
 0
 0
 0
 0
 0
 0
 0
 0
 0
 0
 0
 0


# name: Cex6
# type: matrix
# rows: 39
# columns: 1
 0.019405021000000001
 0
 0.32529461999999998
 0.59492498999999999
 0.55981024000000001
 0.37184740999999999
 0.2311375
 0.16465734000000001
 0.078758623999999999
 0.031997153
 0.014793618
 0.010444594999999999
 0.0074573570000000004
 0.0079288009999999992
 0.0018340229999999999
 0
 0
 0
 0
 0
 0
 0
 0
 0
 0
 0
 0
 0
 0
 0
 0
 0
 0
 0
 0
 0
 0
 0
 0


# name: Cem6
# type: matrix
# rows: 39
# columns: 1
 0.019405021000000001
 0
 0.32529461999999998
 0.59492498999999999
 0.55981024000000001
 0.37184740999999999
 0.2311375
 0.16465734000000001
 0.078758623999999999
 0.031997153
 0.014793618
 0.010444594999999999
 0.0074573570000000004
 0.0079288009999999992
 0.0018340229999999999
 0
 0
 0
 0
 0
 0
 0
 0
 0
 0
 0
 0
 0
 0
 0
 0
 0
 0
 0
 0
 0
 0
 0
 0


# name: Cex7
# type: matrix
# rows: 39
# columns: 1
 0.29343873999999998
 0.31426095999999998
 0.33567792000000002
 0.34253666999999999
 0.35624456999999998
 0.33958421999999999
 0.30975404000000001
 0.28684882
 0.25491628999999999
 0.20917844999999999
 0.16387785999999999
 0.12263634
 0.085438385000000006
 0.059117918999999998
 0.04107595
 0.028034045
 0.020492612
 0.013894241
 0.0043156849999999997
 0.010106433999999999
 0.0048397910000000004
 0.0025934199999999999
 0
 0
 0
 0
 0
 0
 0
 0
 0
 0
 0
 0
 0
 0
 0
 0
 0


# name: Cem7
# type: matrix
# rows: 39
# columns: 1
 0.29343873999999998
 0.31426095999999998
 0.33567792000000002
 0.34253666999999999
 0.35624456999999998
 0.33958421999999999
 0.30975404000000001
 0.28684882
 0.25491628999999999
 0.20917844999999999
 0.16387785999999999
 0.12263634
 0.085438385000000006
 0.059117918999999998
 0.04107595
 0.028034045
 0.020492612
 0.013894241
 0.0043156849999999997
 0.010106433999999999
 0.0048397910000000004
 0.0025934199999999999
 0
 0
 0
 0
 0
 0
 0
 0
 0
 0
 0
 0
 0
 0
 0
 0
 0


