# Created by Octave 7.3.0, Sun Oct 29 23:35:53 2023 UTC <jovyan@224710f94f77>
# name: C
# type: scalar
6


# name: Cex
# type: matrix
# rows: 31
# columns: 1
 250
 255
 260
 265
 270
 275
 280
 285
 290
 295
 300
 305
 310
 315
 320
 325
 330
 335
 340
 345
 350
 355
 360
 365
 370
 375
 380
 385
 390
 395
 400


# name: Cem
# type: matrix
# rows: 111
# columns: 1
 280
 282
 284
 286
 288
 290
 292
 294
 296
 298
 300
 302
 304
 306
 308
 310
 312
 314
 316
 318
 320
 322
 324
 326
 328
 330
 332
 334
 336
 338
 340
 342
 344
 346
 348
 350
 352
 354
 356
 358
 360
 362
 364
 366
 368
 370
 372
 374
 376
 378
 380
 382
 384
 386
 388
 390
 392
 394
 396
 398
 400
 402
 404
 406
 408
 410
 412
 414
 416
 418
 420
 422
 424
 426
 428
 430
 432
 434
 436
 438
 440
 442
 444
 446
 448
 450
 452
 454
 456
 458
 460
 462
 464
 466
 468
 470
 472
 474
 476
 478
 480
 482
 484
 486
 488
 490
 492
 494
 496
 498
 500


# name: Cex1
# type: matrix
# rows: 31
# columns: 1
 0.0043801480000000004
 0
 0.0065645299999999998
 0.032450461999999999
 0.043465403
 0.046776024999999999
 0.038234846000000003
 0.034400500000000001
 0.032575958000000002
 0.033112005999999999
 0.042832579000000003
 0.054356852999999997
 0.074908247999999997
 0.109738823
 0.15132253100000001
 0.197699555
 0.24602658799999999
 0.28871936999999998
 0.32404165800000001
 0.34574303200000001
 0.35832433699999999
 0.34376553900000001
 0.31708044299999999
 0.28474856999999998
 0.23132274999999999
 0.17700073199999999
 0.12746718000000001
 0.078133510000000003
 0.040372217000000002
 0.011560077
 0


# name: Cem1
# type: matrix
# rows: 111
# columns: 1
 0
 0
 0
 0
 0
 0
 0
 0
 0
 0
 0
 0
 0
 0
 0
 0
 0
 0
 0
 0
 0
 0
 0
 0
 0
 0
 0
 0
 0
 0
 0
 0
 0
 0
 0
 0
 0
 0.00013100399999999999
 0.0011351620000000001
 0.0023588300000000001
 0.0033141999999999998
 0.0046108909999999998
 0.0056074879999999999
 0.0069301279999999998
 0.0080404380000000004
 0.0089099279999999993
 0.010281421000000001
 0.01182272
 0.013705886
 0.015846209
 0.018451544
 0.021689623000000002
 0.025605437000000002
 0.030246701000000001
 0.036782446000000003
 0.044288567000000001
 0.052806397999999997
 0.062169198000000002
 0.071346092
 0.081164993000000005
 0.090340727999999995
 0.098429124000000007
 0.106407469
 0.113521701
 0.119082544
 0.12523051700000001
 0.12961916200000001
 0.13503105900000001
 0.14067500799999999
 0.14563087
 0.15105674499999999
 0.157129519
 0.16187744200000001
 0.16676640300000001
 0.16917274700000001
 0.170724662
 0.171634641
 0.17107385899999999
 0.17135281599999999
 0.171130012
 0.17050075100000001
 0.169517638
 0.16819129199999999
 0.16708357700000001
 0.16565928199999999
 0.16376848999999999
 0.161596236
 0.15941423399999999
 0.15600340600000001
 0.153999942
 0.15000297500000001
 0.146433228
 0.14373243299999999
 0.13840285099999999
 0.13527899299999999
 0.131934102
 0.127347667
 0.12398843
 0.120382486
 0.116201239
 0.11365507800000001
 0.109539605
 0.10530548200000001
 0.10246973400000001
 0.098751907
 0.095743524999999996
 0.093189065000000001
 0.089936809000000006
 0.086830659000000004
 0.084769434000000005
 0.081127706999999993


# name: Cex2
# type: matrix
# rows: 31
# columns: 1
 0.49682475700000001
 0.386774807
 0.25745452600000002
 0.16514236099999999
 0.10006538
 0.087882235000000003
 0.098928321999999999
 0.1171229
 0.136033875
 0.16299982499999999
 0.18838065500000001
 0.21222015799999999
 0.23550490499999999
 0.24696436099999999
 0.243877392
 0.230979611
 0.20805293
 0.17535060799999999
 0.13970656000000001
 0.103877038
 0.073961103
 0.049193483000000003
 0.031572062999999997
 0.019231565999999999
 0.013807955
 0.0077430119999999996
 0.0045398169999999998
 0.003456321
 0.002346332
 0.0020537749999999999
 0.001440558


# name: Cem2
# type: matrix
# rows: 111
# columns: 1
 0.0020444679999999998
 0
 0
 0
 0
 0
 0
 0
 0
 0
 0
 0
 0.0010036789999999999
 0.0017094639999999999
 0.0011852010000000001
 0.00051555600000000002
 0.00060554499999999998
 0
 0
 0.00020134800000000001
 0
 0
 0
 0
 0
 0
 0
 0
 0
 0
 0
 0
 0.00041711999999999999
 0.0044250260000000003
 0.0084401249999999997
 0.012160880000000001
 0.017324995999999999
 0.019858594
 0.025104972
 0.031280591000000003
 0.038254042000000002
 0.045714662000000003
 0.052535775999999999
 0.060458696999999999
 0.069873911999999996
 0.080077879000000005
 0.090856148999999997
 0.099806610000000004
 0.11013376800000001
 0.12208832999999999
 0.13049443399999999
 0.14099171599999999
 0.15026340499999999
 0.15756482399999999
 0.16636854500000001
 0.172364395
 0.17738768299999999
 0.182459803
 0.18465804599999999
 0.18679433400000001
 0.189169851
 0.187741251
 0.18809135499999999
 0.186254588
 0.184387197
 0.181969363
 0.179628867
 0.175507943
 0.17117552699999999
 0.16706101700000001
 0.16152514900000001
 0.15763027099999999
 0.152413456
 0.14740030900000001
 0.141699884
 0.13739171999999999
 0.132259231
 0.12771393
 0.122784932
 0.11684472999999999
 0.11287198900000001
 0.107662911
 0.10292231
 0.098471078000000004
 0.093718080999999995
 0.089213889000000005
 0.086529589000000004
 0.080990147999999998
 0.077919997000000005
 0.073438778999999996
 0.069362663000000005
 0.065367839999999997
 0.063318840000000001
 0.060038973000000002
 0.056385810000000001
 0.053084100000000002
 0.051037951999999998
 0.048870780000000003
 0.045510750000000003
 0.042551796000000003
 0.039294685000000003
 0.035701051999999997
 0.039968139
 0.036912728999999998
 0.035091955000000001
 0.032846155000000002
 0.031731606000000002
 0.027096492999999999
 0.022599088
 0.020811824999999999
 0.019739453000000001


# name: Cex3
# type: matrix
# rows: 31
# columns: 1
 0.42034606499999999
 0.38726487700000001
 0.32919907799999998
 0.28092105000000001
 0.228689473
 0.218232759
 0.208296174
 0.20505147500000001
 0.20167717700000001
 0.19087175300000001
 0.18776305500000001
 0.174492445
 0.15321241999999999
 0.124381463
 0.086907452999999996
 0.053288602999999997
 0.028551024000000001
 0.0081847550000000002
 0
 0
 0
 0.0044425840000000003
 0.025019308000000001
 0.060965024
 0.072033966000000005
 0.089610765999999994
 0.11782545699999999
 0.12980788200000001
 0.140227096
 0.14812436900000001
 0.13319907


# name: Cem3
# type: matrix
# rows: 111
# columns: 1
 0
 0
 0
 0
 0
 0
 0
 0
 0
 0
 0
 0
 0.00087309200000000001
 0.001142758
 0.001861756
 0.0044299259999999998
 0.0061491269999999999
 0.0077615169999999999
 0.010475439
 0.011824543999999999
 0.015400336000000001
 0.016214666999999999
 0.017067127000000001
 0.015332624
 0.012937710999999999
 0.0099458570000000007
 0.0078402479999999993
 0.0060709300000000004
 0.0039076750000000002
 0.00129754
 0.000155613
 0.00051519000000000001
 0
 0
 0
 0
 0
 0.0014113179999999999
 0.0029082999999999999
 0.00096139000000000001
 0.00095399799999999996
 0.0011429680000000001
 0.00066710999999999995
 7.1801699999999994e-05
 0
 0
 0
 0
 0
 0
 0
 0
 0
 0
 0
 0
 0
 0.00028429300000000002
 0.0060182899999999999
 0.012521328999999999
 0.017170846999999999
 0.022733824999999999
 0.029555347999999999
 0.037031276000000002
 0.042037880999999999
 0.049030148000000003
 0.055123808000000003
 0.061268281000000001
 0.067769133999999995
 0.074036450000000004
 0.083678882999999996
 0.090329488999999999
 0.097236856999999996
 0.106202122
 0.112441183
 0.11873160000000001
 0.124352693
 0.13134048000000001
 0.13638455799999999
 0.142404742
 0.14747126599999999
 0.15150518700000001
 0.157062169
 0.16228616000000001
 0.166296211
 0.16704081700000001
 0.16956479099999999
 0.17206742999999999
 0.17385453300000001
 0.175037419
 0.17596951599999999
 0.175171138
 0.176910442
 0.17617991199999999
 0.175768547
 0.176566474
 0.173066256
 0.17334255900000001
 0.17173396099999999
 0.16830276899999999
 0.16921992999999999
 0.16643300999999999
 0.16326555400000001
 0.162041449
 0.158254859
 0.155362157
 0.153103873
 0.15075696099999999
 0.14723281599999999
 0.142168664
 0.13725119399999999


