# Created by Octave 7.3.0, Sun Oct 29 23:28:53 2023 UTC <jovyan@224710f94f77>
# name: C
# type: scalar
7


# name: Cex
# type: matrix
# rows: 17
# columns: 1
 240
 250
 260
 270
 280
 290
 300
 310
 320
 330
 340
 350
 360
 370
 380
 390
 400


# name: Cem
# type: matrix
# rows: 56
# columns: 1
 280
 284
 288
 292
 296
 300
 304
 308
 312
 316
 320
 324
 328
 332
 336
 340
 344
 348
 352
 356
 360
 364
 368
 372
 376
 380
 384
 388
 392
 396
 400
 404
 408
 412
 416
 420
 424
 428
 432
 436
 440
 444
 448
 452
 456
 460
 464
 468
 472
 476
 480
 484
 488
 492
 496
 500


# name: Cex1
# type: matrix
# rows: 17
# columns: 1
 0.43014546199999998
 0.42247739699999998
 0.389907012
 0.34078957700000001
 0.28454996599999999
 0.24089459999999999
 0.20601539199999999
 0.16498648199999999
 0.13704139500000001
 0.12422731200000001
 0.12874735800000001
 0.14037022399999999
 0.14276487199999999
 0.14659396999999999
 0.14182499400000001
 0.124748764
 0.107797537


# name: Cem1
# type: matrix
# rows: 56
# columns: 1
 0.0015943190000000001
 0
 0
 0
 0
 0
 0
 0
 0
 0
 0.00076355900000000003
 0.001498685
 0
 0
 0
 0
 0
 0
 0
 0
 0
 0.0050242100000000003
 0.0067598279999999998
 0.0069673260000000002
 0.010586717000000001
 0.011267589
 0.016163581999999999
 0.020150178000000001
 0.028703604000000001
 0.040976257000000002
 0.053513893
 0.070171227000000003
 0.086363309999999999
 0.102630742
 0.11760345799999999
 0.13382338899999999
 0.14897349600000001
 0.16481058400000001
 0.17952112000000001
 0.19248489399999999
 0.20546492099999999
 0.21628988299999999
 0.22576081200000001
 0.231888067
 0.237312672
 0.24372695799999999
 0.24487230400000001
 0.243072706
 0.239262379
 0.23715920800000001
 0.23193119000000001
 0.223273161
 0.21962891500000001
 0.21183279899999999
 0.20436337500000001
 0.19950148100000001


# name: Cex2
# type: matrix
# rows: 17
# columns: 1
 0.47854047599999999
 0.50557483599999997
 0.30230544199999998
 0.18884246800000001
 0.16704382600000001
 0.18873512100000001
 0.23866657899999999
 0.27697461400000001
 0.28661852599999998
 0.25014150299999999
 0.18025967500000001
 0.10655113300000001
 0.048266974999999997
 0.015634433999999999
 0
 0
 0


# name: Cem2
# type: matrix
# rows: 56
# columns: 1
 0
 0
 0.0013362319999999999
 0.0054254749999999999
 0.0042218849999999999
 0
 0
 0
 0
 0
 0
 0
 0
 0
 0
 0.0036784040000000001
 0.015909412000000001
 0.026960788999999999
 0.044570655000000001
 0.061177648000000001
 0.085849408000000002
 0.104803586
 0.12489331200000001
 0.15115440499999999
 0.17390825200000001
 0.19833800800000001
 0.21655997099999999
 0.23677738200000001
 0.245450856
 0.252410733
 0.25702914199999999
 0.25275266400000002
 0.24805813500000001
 0.240174366
 0.23300768099999999
 0.219676232
 0.21029119399999999
 0.19401770800000001
 0.18371153100000001
 0.17204361400000001
 0.15708225000000001
 0.14679780200000001
 0.13396208800000001
 0.122907534
 0.10809730400000001
 0.098088976999999994
 0.087583541000000001
 0.082113272000000001
 0.077763014000000005
 0.069009020000000004
 0.063346534999999995
 0.064429765
 0.054371333000000001
 0.052244504999999997
 0.046661999000000003
 0.034138805000000001


# name: Cex3
# type: matrix
# rows: 17
# columns: 1
 0.111647458
 0.060285690000000003
 0
 0.0014615959999999999
 0.025566808
 0.053095599
 0.086614931000000006
 0.1451411
 0.23828521699999999
 0.35285156600000001
 0.44633026100000001
 0.484632438
 0.43060442999999998
 0.32681112400000001
 0.19434912300000001
 0.078772039000000002
 0.017081527999999999


# name: Cem3
# type: matrix
# rows: 56
# columns: 1
 0
 0
 0
 0
 0
 0
 0
 0
 0
 0
 0
 0
 0
 0
 0
 0
 0
 0
 0.000924495
 0.0043920950000000004
 0.0069359319999999997
 0.010467699
 0.014261787999999999
 0.018505717000000001
 0.023542041
 0.031888021000000003
 0.043304115999999997
 0.060875301
 0.086520514000000007
 0.1143308
 0.14266472999999999
 0.16507423099999999
 0.18454938300000001
 0.200194545
 0.21389860299999999
 0.22957165400000001
 0.242677368
 0.25078738699999997
 0.25003576199999999
 0.24712829
 0.24287092800000001
 0.23646051800000001
 0.23085918699999999
 0.223710308
 0.213525938
 0.20228921399999999
 0.19090594799999999
 0.17678788300000001
 0.16439049999999999
 0.152736448
 0.14250506199999999
 0.13064114099999999
 0.119882294
 0.111186114
 0.10135909799999999
 0.093832254000000004


# name: Cex4
# type: matrix
# rows: 17
# columns: 1
 0.63998576600000001
 0.72194006600000005
 0.26171321600000003
 0
 0
 0.021432735000000001
 0.015518581
 0.0024223819999999998
 0
 0
 0
 0.00087639599999999999
 0.00088624999999999999
 0.001376663
 0.002438024
 0.0017211609999999999
 0.0029226859999999999


# name: Cem4
# type: matrix
# rows: 56
# columns: 1
 0.055579496999999999
 0.086691155000000006
 0.140861442
 0.199922769
 0.25856841699999999
 0.32247545599999999
 0.33239867200000001
 0.33010124499999999
 0.315888893
 0.300823487
 0.27712170800000002
 0.24619179099999999
 0.21213166999999999
 0.18816311599999999
 0.15893407300000001
 0.13563862800000001
 0.11746258499999999
 0.106312052
 0.095351336999999994
 0.082844606000000001
 0.066139716000000001
 0.063811918999999995
 0.064351812999999994
 0.058198145
 0.053607839999999997
 0.051536403000000001
 0.050966684999999998
 0.045989585999999999
 0.047568905000000002
 0.043752062000000001
 0.037409158999999997
 0.039172965999999997
 0.033483917000000002
 0.037457883999999997
 0.030201498
 0.028463453
 0.022696184000000001
 0.027643306999999999
 0.021497058999999999
 0.018614971000000001
 0.018819466
 0.013683931
 0.011864665
 0.016278154999999999
 0.019251628
 0.012080765
 0.017915546000000001
 0.014700051
 0.006926654
 0.011675428
 0.016751914
 0.035924636000000003
 0.031999890000000003
 0.028135935000000001
 0.025097431
 0.024720643


# name: Cex5
# type: matrix
# rows: 17
# columns: 1
 0.88715456599999998
 0.44529575300000002
 0.109510263
 0.034669028999999997
 0.021229814
 0
 0
 0
 0.010785117
 0.027097441999999999
 0.012448733999999999
 0.0042146850000000001
 0
 0
 0
 0
 0


# name: Cem5
# type: matrix
# rows: 56
# columns: 1
 0.027980158000000002
 0.027990437
 0.025579042999999999
 0.021214473000000001
 0.020008416000000001
 0.021244915999999999
 0.028774959999999999
 0.031838200999999997
 0.037785207000000001
 0.047401943000000002
 0.071614335000000001
 0.106397186
 0.151416988
 0.20346621200000001
 0.24650817
 0.27538886600000001
 0.29089590900000001
 0.29971301700000003
 0.29920765799999999
 0.29110298099999998
 0.277030736
 0.254685457
 0.23637239099999999
 0.214274134
 0.19124537999999999
 0.171026133
 0.15260768399999999
 0.13427365399999999
 0.117883367
 0.104731
 0.092352154000000006
 0.083188313
 0.074672508999999998
 0.067611702999999995
 0.060896321000000003
 0.057356558000000002
 0.052145449000000003
 0.050043775999999998
 0.046152222999999999
 0.041791726000000001
 0.038644297000000001
 0.033594209
 0.030672386999999999
 0.030239934
 0.029157692999999998
 0.022101874000000001
 0.021913611999999999
 0.017258009000000001
 0.01536388
 0.013493308000000001
 0.018467878
 0.014360204
 0.012734817000000001
 0.0058497050000000002
 0.0027381620000000001
 0.0021413890000000001


# name: Cex6
# type: matrix
# rows: 17
# columns: 1
 0
 0.015201210999999999
 0.22452805200000001
 0.34769488700000001
 0.45121339399999999
 0.52354060199999997
 0.46283878299999998
 0.32145995500000002
 0.17324170699999999
 0.053603690000000002
 0.018269309000000001
 0
 0
 0
 0
 0
 0


