# Created by Octave 7.3.0, Sat Oct 07 15:36:48 2023 UTC <jovyan@224710f94f77>
# name: C
# type: scalar
4


# name: Cex
# type: matrix
# rows: 43
# columns: 1
 240
 245
 250
 255
 260
 265
 270
 275
 280
 285
 290
 295
 300
 305
 310
 315
 320
 325
 330
 335
 340
 345
 350
 355
 360
 365
 370
 375
 380
 385
 390
 395
 400
 405
 410
 415
 420
 425
 430
 435
 440
 445
 450


# name: Cem
# type: matrix
# rows: 126
# columns: 1
 300
 302
 304
 306
 308
 310
 312
 314
 316
 318
 320
 322
 324
 326
 328
 330
 332
 334
 336
 338
 340
 342
 344
 346
 348
 350
 352
 354
 356
 358
 360
 362
 364
 366
 368
 370
 372
 374
 376
 378
 380
 382
 384
 386
 388
 390
 392
 394
 396
 398
 400
 402
 404
 406
 408
 410
 412
 414
 416
 418
 420
 422
 424
 426
 428
 430
 432
 434
 436
 438
 440
 442
 444
 446
 448
 450
 452
 454
 456
 458
 460
 462
 464
 466
 468
 470
 472
 474
 476
 478
 480
 482
 484
 486
 488
 490
 492
 494
 496
 498
 500
 502
 504
 506
 508
 510
 512
 514
 516
 518
 520
 522
 524
 526
 528
 530
 532
 534
 536
 538
 540
 542
 544
 546
 548
 550


# name: Cex1
# type: matrix
# rows: 43
# columns: 1
 0.37927047000000003
 0.33283581000000001
 0.30999791999999998
 0.29217762000000003
 0.27286864
 0.25060829000000001
 0.22886864000000001
 0.20753712999999999
 0.18559096
 0.16451821999999999
 0.14501845999999999
 0.13326250000000001
 0.12447851
 0.11887245
 0.11489413
 0.11175300000000001
 0.10946462
 0.10835837
 0.10815601
 0.10827599
 0.10900907
 0.10964227
 0.10988791000000001
 0.10903644
 0.10692491
 0.10371464
 0.099918060000000003
 0.095158670000000001
 0.089259359999999996
 0.081805740000000002
 0.073878390000000002
 0.066454159999999998
 0.059439249999999999
 0.052828630000000001
 0.046643999999999998
 0.041316180000000001
 0.036164799999999997
 0.03201876
 0.027706600000000001
 0.023985280000000001
 0.02029121
 0.017326569999999999
 0.014430220000000001


# name: Cem1
# type: matrix
# rows: 126
# columns: 1
 0
 0
 0
 0
 0
 0
 0
 0
 0.00055442000000000002
 0.0018729
 0.0036258599999999998
 0.0041111999999999998
 0.00157379
 0
 0
 0
 0
 0
 0
 0
 0
 0
 0
 0
 0
 0
 0
 0
 0
 0
 0
 0
 0
 0
 0
 0
 0
 0
 0
 0
 0.00265387
 0.0041613800000000001
 0.0077656599999999998
 0.01092372
 0.014628560000000001
 0.019059679999999999
 0.02247238
 0.026564279999999999
 0.030718019999999999
 0.035242490000000001
 0.039307660000000001
 0.043795380000000002
 0.048527840000000003
 0.052625119999999997
 0.057177029999999997
 0.061368390000000002
 0.066624249999999996
 0.071427710000000005
 0.076053750000000003
 0.080724669999999998
 0.084581190000000001
 0.089748069999999999
 0.094203499999999996
 0.098323400000000005
 0.10309578
 0.10677344
 0.11117411000000001
 0.11512754
 0.11827971
 0.12186553999999999
 0.12484982
 0.12828302
 0.13083522
 0.1334485
 0.13575337000000001
 0.13784884999999999
 0.14050952999999999
 0.14362057
 0.14436819000000001
 0.14611627999999999
 0.14777375000000001
 0.14900215
 0.14995333999999999
 0.15106758000000001
 0.15103469
 0.15218523
 0.15218218
 0.15185952
 0.15248439
 0.15111889000000001
 0.14866650000000001
 0.14690805000000001
 0.14557146000000001
 0.14462806
 0.14246196
 0.13939170000000001
 0.13686155999999999
 0.13521179
 0.13203486
 0.12892044
 0.12581048
 0.12283707000000001
 0.12025139
 0.11733092000000001
 0.11453931000000001
 0.11193286
 0.10921449
 0.10663160000000001
 0.10373998
 0.10109823
 0.098421510000000004
 0.096171300000000001
 0.093925739999999994
 0.091408420000000004
 0.088850029999999997
 0.086388909999999999
 0.084196359999999998
 0.082265610000000003
 0.079520450000000006
 0.077395210000000006
 0.075045239999999999
 0.072795499999999999
 0.072283210000000001
 0.070170049999999998
 0.068410490000000004
 0.066617480000000007


# name: Cex2
# type: matrix
# rows: 43
# columns: 1
 0.41574508999999998
 0.37042036
 0.32449256999999998
 0.27948181
 0.23619604999999999
 0.19680421000000001
 0.16524008000000001
 0.14895274999999999
 0.15058953999999999
 0.16276178999999999
 0.18096656999999999
 0.18338729000000001
 0.18372184999999999
 0.18221317000000001
 0.17857798999999999
 0.17283051999999999
 0.16250340999999999
 0.15005136999999999
 0.13722229
 0.12389662
 0.10966473
 0.094549289999999994
 0.078616099999999994
 0.0628079
 0.047910889999999998
 0.034158260000000003
 0.021903829999999999
 0.01096716
 0.00258778
 0
 0
 0
 0
 0
 0
 0
 0
 0
 0
 0
 0
 0
 0


# name: Cem2
# type: matrix
# rows: 126
# columns: 1
 0
 0
 0
 0
 0
 0
 0
 0
 0
 0
 0
 0.00140489
 0.0091143300000000003
 0.014869449999999999
 0.01905449
 0.023288429999999999
 0.027562509999999998
 0.031547579999999999
 0.035855730000000002
 0.040307599999999999
 0.043617320000000001
 0.047659439999999997
 0.051835869999999999
 0.056227880000000001
 0.061101799999999998
 0.065900749999999994
 0.071869219999999998
 0.078106439999999999
 0.083398239999999998
 0.089220800000000003
 0.095292429999999997
 0.10143611
 0.10788283999999999
 0.11429309999999999
 0.12150129
 0.12828026000000001
 0.13525872999999999
 0.1432997
 0.15069302000000001
 0.15826770000000001
 0.16214161999999999
 0.16713443
 0.16938797999999999
 0.17196228
 0.17316132000000001
 0.17391569000000001
 0.17563031000000001
 0.17603431999999999
 0.17667849999999999
 0.17583931
 0.17587444999999999
 0.17469407000000001
 0.17266197999999999
 0.17067721999999999
 0.16800082999999999
 0.16617539000000001
 0.16294537000000001
 0.15924590999999999
 0.15585462999999999
 0.15076548000000001
 0.14728057
 0.14216201000000001
 0.13748667000000001
 0.13265353999999999
 0.1268859
 0.12188151999999999
 0.11564538000000001
 0.10987518
 0.10478612
 0.098868600000000001
 0.093290919999999999
 0.087442160000000005
 0.082078789999999999
 0.076956510000000006
 0.071417560000000005
 0.066623989999999994
 0.062256859999999997
 0.057316800000000001
 0.053793680000000003
 0.049052569999999997
 0.044721549999999999
 0.040649520000000001
 0.037275500000000003
 0.033129489999999998
 0.02957514
 0.02640234
 0.02396266
 0.021512420000000001
 0.016683739999999999
 0.01409671
 0.01171677
 0.0091964899999999999
 0.0079018600000000001
 0.0048948100000000003
 0.00326516
 0.0020971100000000001
 0.00096058999999999999
 2.3879999999999998e-05
 0
 0
 0
 0
 0
 0
 0
 0
 0
 0
 0
 0
 0
 0
 0
 0
 0
 0
 0
 0
 0
 0
 0
 0
 0
 0
 0
 0


# name: Cex3
# type: matrix
# rows: 43
# columns: 1
 0.21195939999999999
 0.14815890000000001
 0.15491921
 0.21183203
 0.27974135
 0.34429558999999998
 0.40075522000000002
 0.42639484999999999
 0.39923083999999998
 0.32275582000000003
 0.20672317000000001
 0.11623116
 0.061958539999999999
 0.033968089999999999
 0.01520322
 0.0035765800000000002
 0
 0
 0
 0
 0
 0
 0
 0
 0
 0
 0
 0
 0
 0
 0
 0
 0
 0
 0
 0
 0
 0
 0
 0
 0
 0
 0.00016027000000000001


