# Created by Octave 7.3.0, Mon Oct 02 02:23:52 2023 UTC <jovyan@224710f94f77>
# name: C
# type: scalar
3


# name: Cex
# type: matrix
# rows: 27
# columns: 1
 240
 250
 260
 270
 280
 290
 300
 310
 320
 330
 340
 350
 360
 370
 380
 390
 400
 410
 420
 430
 440
 450
 460
 470
 480
 490
 500


# name: Cem
# type: matrix
# rows: 77
# columns: 1
 248
 252
 257
 261
 266
 270
 275
 279
 284
 288
 293
 297
 302
 306
 311
 316
 320
 325
 329
 334
 338
 343
 347
 352
 357
 361
 366
 370
 375
 379
 384
 389
 393
 398
 402
 407
 412
 416
 421
 426
 430
 435
 439
 444
 449
 453
 458
 463
 467
 472
 477
 481
 486
 491
 495
 500
 505
 509
 514
 519
 523
 528
 533
 537
 542
 547
 551
 556
 561
 565
 570
 575
 580
 584
 589
 594
 598


# name: Cex1
# type: matrix
# rows: 27
# columns: 1
 0.46041146635160002
 0.41760668058139999
 0.33127438034020001
 0.24932473952609999
 0.2037781227298
 0.20265757584880001
 0.22278575394460001
 0.2441588263817
 0.2503809912594
 0.2436195595283
 0.22529323159039999
 0.1917551162468
 0.14774706571509999
 0.10774303636760001
 0.071047993559599995
 0.03995669134582
 0.015081541762269999
 0
 0
 0
 0
 0
 0
 0
 0
 0
 0


# name: Cem1
# type: matrix
# rows: 77
# columns: 1
 0
 0
 0
 0
 0
 0
 0
 0
 0
 0
 0
 0
 0
 0.00076224251417889998
 0
 0
 0
 0
 0
 0
 0
 0
 0
 0.014138461127410001
 0.01573476416666
 0.02859985216653
 0.043201079746549999
 0.051473676736040003
 0.070027354949310006
 0.076982235083420003
 0.089811399920820004
 0.10609898719499999
 0.121197193175
 0.1373240627067
 0.15209994396150001
 0.16796916220249999
 0.1821739038571
 0.1926434393567
 0.20482590782439999
 0.20996495945980001
 0.21866122845550001
 0.2208217408265
 0.2218628708101
 0.22483403651459999
 0.22036397276299999
 0.21559885223870001
 0.21342505010359999
 0.20546072335660001
 0.1992297229592
 0.18912981203519999
 0.1812849765009
 0.1730759256793
 0.16515431128419999
 0.15737898345240001
 0.14771418141779999
 0.13858397030950001
 0.1304471724939
 0.1209382089649
 0.110150379228
 0.1035423154544
 0.096374835283169993
 0.088503925083000007
 0.080846345125849997
 0.074448609642309996
 0.070053352664890003
 0.064587864860639999
 0.058489168662870003
 0.052700471213040001
 0.050475100473540001
 0.04597087027769
 0.043641654428609997
 0.041184288870159999
 0.037521441598910001
 0.033641738882909999
 0.032610460630969999
 0.02763479300696
 0.026888803730709999


# name: Cex2
# type: matrix
# rows: 27
# columns: 1
 0.1095295039896
 0.19314445044469999
 0.32146172335079998
 0.37107386994769997
 0.31197281218470002
 0.19448251379029999
 0.083526475003820003
 0.01330923743358
 0
 0.01856771746784
 0.061382849789570003
 0.1221412531616
 0.1960692755283
 0.25246768710579998
 0.28313532105540001
 0.29599857796040002
 0.29563299085869998
 0.27097035452989998
 0.21392594443730001
 0.16848455782470001
 0.13492501123260001
 0.1037551662362
 0.08160599836429
 0.064432703423909998
 0.046681642892870003
 0.031820799046710001
 0.02044260539428


# name: Cem2
# type: matrix
# rows: 77
# columns: 1
 0
 0
 0
 0
 0
 0
 0
 0
 0
 0
 0.0059963965077169997
 0
 0.0079959754397299996
 0
 0.0025333069564619998
 0.0054781415137180002
 0.0083192998377040004
 0.011435694976910001
 0.0058633337257510002
 0.0061260702554990004
 0.0071309275319069998
 0.0063555707276379998
 0.0040514480512489999
 0
 0
 0
 0
 0
 0
 0
 0
 0
 0
 0
 0
 0
 0.01021883443405
 0.025916947176619999
 0.038343768091289997
 0.059322273915809999
 0.079398830826610006
 0.10228004341870001
 0.1191278572007
 0.13852841762019999
 0.15194227262160001
 0.16880534888650001
 0.18308826926640001
 0.1951688126178
 0.2001408427859
 0.21162057817640001
 0.21634756946149999
 0.21790757772880001
 0.22027679094649999
 0.22423163823119999
 0.22066544388670001
 0.21694707593269999
 0.21477872532590001
 0.2098126548066
 0.2000176646863
 0.19191634578200001
 0.18554460746090001
 0.1779745198154
 0.1697793553319
 0.16156689625779999
 0.15711263416009999
 0.1472328850687
 0.13774463760200001
 0.1267137602441
 0.1200211165191
 0.1138495666085
 0.1036250244095
 0.096721478407350001
 0.089612470720970006
 0.08302018827945
 0.076314911839230004
 0.069659054602100007
 0.064926646487419998


# name: Cex3
# type: matrix
# rows: 27
# columns: 1
 0.52395709697619997
 0.32085283397640002
 0.29025885942320001
 0.32752522595029998
 0.35255664911820001
 0.33502404308619999
 0.29425562840750003
 0.2396858055262
 0.18314652757130001
 0.1196043355953
 0.050689864266650002
 0
 0
 0
 0
 0
 0
 0
 0
 0.001208220668302
 0.0010755656959839999
 0.0004800762286132
 3.7946706951699999e-05
 0.00041422186741399999
 0.0010347320228499999
 0.0015229819015279999
 0.0016611973884369999


# name: Cem3
# type: matrix
# rows: 77
# columns: 1
 0
 0
 0
 0
 0
 0
 0
 0
 0
 0.017776012039670001
 0.049151859473069999
 0.1118090000234
 0.0646846762794
 0.1211754509126
 0.087567916551350003
 0.096826908901039996
 0.10638945319159999
 0.10708921507209999
 0.16881420914920001
 0.1995637395531
 0.19824176996289999
 0.21367931771910001
 0.25499069138929997
 0.2481297707497
 0.2516753304355
 0.21385341551170001
 0.198706172742
 0.22756766564040001
 0.2210942332278
 0.236709613466
 0.23821885287940001
 0.2241959256953
 0.21040381769370001
 0.2124667279079
 0.18364996635360001
 0.16811004106239999
 0.13314877405959999
 0.12437074087570001
 0.10537640847059999
 0.080763451168030007
 0.057190427061589999
 0.045538137593379997
 0.032447252999109999
 0.01321837538312
 0.00073119922423419998
 0
 0
 0
 0
 0
 0
 0
 0
 0.0032702959664199999
 0.0039893669526410002
 0.01002006918702
 0.01562680999682
 0.02532380247761
 0.029260313883029999
 0.030868186761479999
 0.02727276841515
 0.024963472358349999
 0.039850979168189998
 0.047288565747060002
 0.054773832918569999
 0.048510744279430001
 0.039035168498410003
 0.039295111069079999
 0.03041941550018
 0.040700577984619998
 0.041971566284329999
 0.03035963112508
 0.01669298452338
 0.03750323134986
 0.028155505172600001
 0.029715066748439999
 0.0083702510740420004


