# Created by Octave 7.3.0, Sun Oct 29 23:24:53 2023 UTC <jovyan@224710f94f77>
# name: C
# type: scalar
5


# name: Cex
# type: matrix
# rows: 31
# columns: 1
 250
 255
 260
 265
 270
 275
 280
 285
 290
 295
 300
 305
 310
 315
 320
 325
 330
 335
 340
 345
 350
 355
 360
 365
 370
 375
 380
 385
 390
 395
 400


# name: Cem
# type: matrix
# rows: 111
# columns: 1
 280
 282
 284
 286
 288
 290
 292
 294
 296
 298
 300
 302
 304
 306
 308
 310
 312
 314
 316
 318
 320
 322
 324
 326
 328
 330
 332
 334
 336
 338
 340
 342
 344
 346
 348
 350
 352
 354
 356
 358
 360
 362
 364
 366
 368
 370
 372
 374
 376
 378
 380
 382
 384
 386
 388
 390
 392
 394
 396
 398
 400
 402
 404
 406
 408
 410
 412
 414
 416
 418
 420
 422
 424
 426
 428
 430
 432
 434
 436
 438
 440
 442
 444
 446
 448
 450
 452
 454
 456
 458
 460
 462
 464
 466
 468
 470
 472
 474
 476
 478
 480
 482
 484
 486
 488
 490
 492
 494
 496
 498
 500


# name: Cex1
# type: matrix
# rows: 31
# columns: 1
 0.34763603999999998
 0.33785902600000001
 0.31541939899999999
 0.305679011
 0.267114605
 0.25192652100000001
 0.22073390800000001
 0.20566305700000001
 0.19198077299999999
 0.17880200299999999
 0.177535108
 0.16577266099999999
 0.15334736400000001
 0.14521113699999999
 0.132760513
 0.12140786100000001
 0.115774316
 0.10982916700000001
 0.107271199
 0.10436530400000001
 0.103282082
 0.09839183
 0.097421419999999995
 0.10277515600000001
 0.096583152000000005
 0.092803197000000004
 0.092713629000000006
 0.086949700000000005
 0.083307835999999996
 0.080670907
 0.075023536000000002


# name: Cem1
# type: matrix
# rows: 111
# columns: 1
 0
 0
 0
 0
 0
 0
 0
 0
 0
 0
 0
 0
 0
 0
 0
 0
 0
 0
 0
 0
 0
 0
 0
 0
 0
 0
 1.2061900000000001e-05
 0.000686676
 0.0014124910000000001
 0.00033878100000000002
 0
 0
 0
 0
 0
 0
 0
 0
 0
 0
 0
 0
 0
 0
 0
 0
 0
 0
 0
 0
 0
 0
 0
 0
 0
 6.2547300000000003e-05
 0.0035239080000000001
 0.0081405450000000008
 0.012704482
 0.017343036999999999
 0.021714621999999999
 0.027205828000000001
 0.032485172999999999
 0.038900003000000002
 0.045269359000000002
 0.050250830000000003
 0.053703364000000003
 0.059815950999999999
 0.064745046000000001
 0.070468818000000003
 0.076436370000000003
 0.081622819999999999
 0.087838683000000001
 0.095445635000000001
 0.10074713
 0.10651390600000001
 0.112293371
 0.11615695600000001
 0.120761171
 0.12699412800000001
 0.131636327
 0.13734986599999999
 0.14090625900000001
 0.14614807599999999
 0.15200059599999999
 0.15280333600000001
 0.15570882999999999
 0.15871708000000001
 0.16270321200000001
 0.164641173
 0.16635281299999999
 0.16984575800000001
 0.17159122499999999
 0.17321176499999999
 0.17550142099999999
 0.17675817699999999
 0.17561886700000001
 0.179369848
 0.178605809
 0.17698491
 0.17925600699999999
 0.17690731100000001
 0.17779184100000001
 0.17734171600000001
 0.17644691800000001
 0.17594759400000001
 0.17600807099999999
 0.17467001800000001
 0.173091511
 0.17041503599999999
 0.16627593500000001


# name: Cex2
# type: matrix
# rows: 31
# columns: 1
 0.41296081600000001
 0.35818214100000001
 0.30249976699999997
 0.27606297800000001
 0.235924675
 0.22312499699999999
 0.20357196
 0.198451552
 0.195551012
 0.19222956299999999
 0.20299352400000001
 0.19911832600000001
 0.19206901700000001
 0.18819022399999999
 0.17499536199999999
 0.159430302
 0.14483107000000001
 0.125671791
 0.106786876
 0.084926469000000004
 0.064838158000000007
 0.045261008999999998
 0.028660775999999999
 0.016490373999999999
 0.0074802460000000003
 0.00081484799999999996
 0
 0
 0
 0
 0


# name: Cem2
# type: matrix
# rows: 111
# columns: 1
 0.0021573249999999999
 0
 0
 0
 0
 0
 0
 0
 0
 0
 0
 0
 0
 0
 0
 0
 0
 0
 0
 0
 0
 0
 0
 0
 0
 0
 0
 0
 0.00080756299999999997
 0.0045630790000000003
 0.010469434
 0.016689611
 0.02186631
 0.027861154999999999
 0.032948147999999997
 0.038783073000000001
 0.046342382000000001
 0.053190762000000003
 0.060345777000000003
 0.070005112999999994
 0.077729502000000006
 0.086448575999999999
 0.094230622999999999
 0.103164058
 0.111014265
 0.118883186
 0.12583539199999999
 0.131971064
 0.138703146
 0.14707352000000001
 0.152557585
 0.15953466999999999
 0.16603095900000001
 0.17061659000000001
 0.17626615400000001
 0.181567384
 0.182639996
 0.18287541700000001
 0.18115209800000001
 0.181108299
 0.18012036200000001
 0.17767300699999999
 0.174507465
 0.172642978
 0.16895216299999999
 0.168552165
 0.16679987399999999
 0.161746639
 0.160967372
 0.15616507299999999
 0.15267140100000001
 0.14829347200000001
 0.14364631999999999
 0.136873262
 0.132282382
 0.12660887300000001
 0.122773569
 0.11780387
 0.11430902900000001
 0.10875984599999999
 0.103953165
 0.098917659000000005
 0.093485931999999994
 0.089492078000000003
 0.084111445000000007
 0.081059251999999998
 0.077593661999999994
 0.071718280999999995
 0.065975781999999997
 0.062172818999999997
 0.058172295999999998
 0.052098865000000001
 0.050368979000000001
 0.045092819999999999
 0.040055733000000003
 0.037271721000000001
 0.034352832999999999
 0.030012875000000001
 0.027876147
 0.025519014
 0.021222077999999998
 0.020789110999999999
 0.017193201000000002
 0.014778365999999999
 0.011767998
 0.0086771810000000008
 0.0058857629999999996
 0.0042071080000000002
 0.001327171
 0
 0


# name: Cex3
# type: matrix
# rows: 31
# columns: 1
 0.069654401000000005
 0.029395659000000001
 0.0018869819999999999
 0
 0
 0.0089660669999999994
 0.028795906
 0.043580762000000002
 0.056519741999999998
 0.061896239999999998
 0.068767391999999997
 0.085085507000000005
 0.10983813000000001
 0.14148977700000001
 0.173061827
 0.207418979
 0.24491875799999999
 0.27376504800000001
 0.30113365199999997
 0.31905802799999999
 0.33101276200000002
 0.32030312799999999
 0.304852134
 0.28889889800000002
 0.24777079900000001
 0.20328298
 0.15956863900000001
 0.11566762999999999
 0.080952123000000001
 0.05142331
 0.026358374


# name: Cem3
# type: matrix
# rows: 111
# columns: 1
 0
 0
 0
 0
 0
 0
 0
 0
 0
 0
 0
 0
 0
 0
 0
 0
 0
 0
 0
 0
 0
 0
 0
 0
 0
 0
 0
 0
 0
 0
 0
 0
 0
 0
 0
 0
 0
 0
 0
 6.5250699999999995e-05
 0.0020148010000000001
 0.0044467439999999999
 0.0066458239999999998
 0.0089869000000000008
 0.011178659000000001
 0.013593167
 0.017580637999999999
 0.021384108999999998
 0.025734818999999999
 0.030688231999999999
 0.035511888999999998
 0.041352457000000002
 0.047927242000000002
 0.054755707000000001
 0.063287124
 0.071837547000000002
 0.079814872999999995
 0.088800765000000004
 0.097108141999999995
 0.106482669
 0.116164591
 0.123109529
 0.13195248100000001
 0.13799714199999999
 0.14232172300000001
 0.14724262799999999
 0.15217303400000001
 0.155352884
 0.15985812399999999
 0.16175944
 0.165340388
 0.16966695200000001
 0.171346836
 0.17396832600000001
 0.17619033200000001
 0.17562967500000001
 0.17399144599999999
 0.174044901
 0.173743386
 0.17107028599999999
 0.169472066
 0.166292369
 0.16579208000000001
 0.16090432599999999
 0.15666545000000001
 0.15562287899999999
 0.152220613
 0.149008486
 0.143589933
 0.140915452
 0.13733880600000001
 0.13183611100000001
 0.12713184299999999
 0.12184914400000001
 0.11815468899999999
 0.113378918
 0.10938020699999999
 0.10263968599999999
 0.100062178
 0.095103100999999995
 0.091476344000000001
 0.088204938999999996
 0.082391495999999995
 0.080259633999999996
 0.075989819
 0.072353374999999998
 0.070888812999999995
 0.065895860000000001
 0.062534855
 0.061518188000000001
 0.059750320000000003


# name: Cex4
# type: matrix
# rows: 31
# columns: 1
 0.27523144199999999
 0.171085137
 0.14267781299999999
 0.15937446499999999
 0.17353990399999999
 0.21667796
 0.25902436600000001
 0.31828731300000002
 0.35925673499999999
 0.36193766900000002
 0.35511550400000003
 0.311209387
 0.248112046
 0.18970773499999999
 0.12884314099999999
 0.069223200999999998
 0.037990266000000002
 0.018147191999999999
 0.0042775790000000001
 0
 0
 0
 0
 0
 0
 0
 0
 0
 0
 0
 0


