# Created by Octave 7.3.0, Mon Oct 02 02:31:21 2023 UTC <jovyan@224710f94f77>
# name: C
# type: scalar
3


# name: Cex
# type: matrix
# rows: 27
# columns: 1
 240
 250
 260
 270
 280
 290
 300
 310
 320
 330
 340
 350
 360
 370
 380
 390
 400
 410
 420
 430
 440
 450
 460
 470
 480
 490
 500


# name: Cem
# type: matrix
# rows: 77
# columns: 1
 248
 252
 257
 261
 266
 270
 275
 279
 284
 288
 293
 297
 302
 306
 311
 316
 320
 325
 329
 334
 338
 343
 347
 352
 357
 361
 366
 370
 375
 379
 384
 389
 393
 398
 402
 407
 412
 416
 421
 426
 430
 435
 439
 444
 449
 453
 458
 463
 467
 472
 477
 481
 486
 491
 495
 500
 505
 509
 514
 519
 523
 528
 533
 537
 542
 547
 551
 556
 561
 565
 570
 575
 580
 584
 589
 594
 598


# name: Cex1
# type: matrix
# rows: 27
# columns: 1
 0.52269757981190001
 0.42305601637119999
 0.30941951570609999
 0.24034525492869999
 0.2249290630654
 0.23738100963389999
 0.2532376610821
 0.25721103914780002
 0.2416333999303
 0.21101092390349999
 0.16732831556530001
 0.12445541170880001
 0.086141158644880006
 0.052960384182379999
 0.021203392200590001
 0
 0
 0
 0
 0
 0
 0
 0
 0
 0
 0
 0


# name: Cem1
# type: matrix
# rows: 77
# columns: 1
 5.7337032403950002e-13
 5.7337032403950002e-13
 0
 0
 0
 0
 0
 0
 0
 0
 0
 0
 0
 0
 0
 0.0001846984870438
 0
 0
 0
 0.0039632178714389997
 0.0085960498449170007
 0.023898927838910001
 0.036125650841019999
 0.055852603903590002
 0.072393935071280002
 0.089078346785480003
 0.1056605625203
 0.1173428201522
 0.1412799950976
 0.15967585333600001
 0.17430891356
 0.18320640111129999
 0.19490176543230001
 0.20214442619469999
 0.2041808683228
 0.21319893283220001
 0.2101694283894
 0.2183150658369
 0.214589478685
 0.2163132403594
 0.21089211298380001
 0.20479696873389999
 0.20444868222259999
 0.20011649401520001
 0.1888246942075
 0.1818362808282
 0.17445121476209999
 0.1672549338706
 0.15772399826719999
 0.14883436573940001
 0.14108640041930001
 0.13279782091430001
 0.1256504124341
 0.12050111121110001
 0.1131135358436
 0.1043501585803
 0.099152737568010005
 0.090515822420640005
 0.083579332570810003
 0.077444705791409996
 0.073129621929700003
 0.06512649480853
 0.058414490301990002
 0.05368096607825
 0.050297319590850001
 0.047049769277119999
 0.04339988861355
 0.040463230723389997
 0.038758260911669999
 0.035291821329419999
 0.033519084864879999
 0.030323063742509999
 0.026908634946379999
 0.027340477261270001
 0.023051003443689998
 0.02120567646148
 0.019638041544899999


# name: Cex2
# type: matrix
# rows: 27
# columns: 1
 0.17142031541159999
 0.36049345129310001
 0.45602028157259999
 0.36917272717990002
 0.2304982143233
 0.1202082996212
 0.058536302711450001
 0.037460174508580003
 0.050481187533470001
 0.090862980474489999
 0.1534669686332
 0.20218225009499999
 0.2373458900397
 0.25436294655620001
 0.25832924643290001
 0.243051970136
 0.1938769787481
 0.15569938826419999
 0.12517605180729999
 0.099782738775909999
 0.080885941611599996
 0.061797474407130001
 0.046540915996370003
 0.033225489082169997
 0.023082133436360001
 0.014798557846479999
 0.0095823207344770001


# name: Cem2
# type: matrix
# rows: 77
# columns: 1
 4.3923566327289997e-15
 4.3923566327289997e-15
 0
 0
 0
 0
 0
 0
 0.0015819760850429999
 0.003781138297503
 0.007909244952728
 0.01065983205369
 0.01155613793974
 0.019511859010899999
 0.018903139103369999
 0.017744288617
 0.015910760688780001
 0.01151457404283
 0.0031144955685120002
 0
 0
 0
 0
 0
 0
 0
 0
 0
 0
 0
 0
 0
 0.0066216629320089999
 0.025220662664860002
 0.0392595499211
 0.056782359349929999
 0.067312110240939999
 0.095275006938730006
 0.110610894305
 0.12650792150090001
 0.14238164954999999
 0.15937090206390001
 0.17426571499650001
 0.18485788595229999
 0.19665647243760001
 0.20478680495320001
 0.21033897988969999
 0.2171862316599
 0.2143297438349
 0.21596435770030001
 0.21681292278860001
 0.21394476013290001
 0.21194949875290001
 0.20997142942620001
 0.20414418751800001
 0.19731706531339999
 0.1931969275914
 0.1854853428323
 0.17609978237849999
 0.1672124837617
 0.15909555826589999
 0.15028846036330001
 0.14312715627200001
 0.1348966958426
 0.12655969992980001
 0.1176587509843
 0.1091243019187
 0.097010236324210006
 0.091289235180559994
 0.084799158289669996
 0.077814386413919995
 0.074857301975500001
 0.068667637903580006
 0.064327763890710002
 0.059687836857929999
 0.056019291983500002
 0.050194940217569997


# name: Cex3
# type: matrix
# rows: 27
# columns: 1
 0.48713771438909997
 0.28388027154869999
 0.30630134213979998
 0.4174661736659
 0.44382718209529998
 0.36287258438210002
 0.2478401590397
 0.1407370210626
 0.064021932701049999
 0
 0
 0
 0
 0
 0
 0
 0
 0
 0.00012078641447460001
 0.00057559751142270005
 0.0010409570821220001
 0.0012200105179500001
 0.001461219420353
 0.0020456714668090001
 0.0021917633379160001
 0.00199810824433
 0.00165671875537


# name: Cem3
# type: matrix
# rows: 77
# columns: 1
 0
 0
 0.0035539305014509999
 0
 0
 0
 0
 0.035630895831310003
 0.053297102082179998
 0.12285082598119999
 0.14386778879100001
 0.16789900065669999
 0.1925317195215
 0.1800953035981
 0.17936176578259999
 0.18639494474759999
 0.19764206525379999
 0.24368701303340001
 0.2864945866643
 0.30531710647440002
 0.30807024611419997
 0.28206318043919998
 0.27264498188780001
 0.23482874255780001
 0.21750653083730001
 0.1827592997568
 0.1709898208392
 0.15109584058619999
 0.13477797889859999
 0.1179248459615
 0.1082219056651
 0.08399920882985
 0.070592009715909995
 0.050166624765489998
 0.041662068599989999
 0.019917169188829999
 0.02889834462812
 0.00031050184058720003
 0
 0
 0
 0
 0
 0
 0
 0
 0
 0.001295787124592
 0.004431230424134
 0.0049235069162080003
 0.010798418489739999
 0.013796008373309999
 0.01938274418485
 0.017546181633279999
 0.016571300382700001
 0.02473685785473
 0.025495349629140001
 0.032411468368350002
 0.036859771728089998
 0.032263517498809999
 0.032265046739809997
 0.035761299072019997
 0.047476736369839997
 0.051625172794510003
 0.046483122677079998
 0.041745099286260003
 0.037969433042599997
 0.025767136150809999
 0.025927208235859998
 0.02562673443174
 0.01542075640885
 0.021067694525680001
 0.025634187616999999
 0.015739672197120001
 0.02562628815753
 0.01796352268296
 0.023245514068469999


