# Created by Octave 7.3.0, Mon Oct 02 02:27:27 2023 UTC <jovyan@224710f94f77>
# name: C
# type: scalar
4


# name: Cex
# type: matrix
# rows: 27
# columns: 1
 240
 250
 260
 270
 280
 290
 300
 310
 320
 330
 340
 350
 360
 370
 380
 390
 400
 410
 420
 430
 440
 450
 460
 470
 480
 490
 500


# name: Cem
# type: matrix
# rows: 78
# columns: 1
 248
 252
 257
 261
 266
 270
 275
 279
 284
 288
 293
 297
 302
 306
 311
 316
 320
 325
 329
 334
 338
 343
 347
 352
 357
 361
 366
 370
 375
 379
 384
 389
 393
 398
 402
 407
 412
 416
 421
 426
 430
 435
 439
 444
 449
 453
 458
 463
 467
 472
 477
 481
 486
 491
 495
 500
 505
 509
 514
 519
 523
 528
 533
 537
 542
 547
 551
 556
 561
 565
 570
 575
 580
 584
 589
 594
 598
 603


# name: Cex1
# type: matrix
# rows: 27
# columns: 1
 0.19400000000000001
 0.253
 0.16800000000000001
 0.099500000000000005
 0.0591
 0.044299999999999999
 0.076399999999999996
 0.13500000000000001
 0.222
 0.32200000000000001
 0.40400000000000003
 0.435
 0.40999999999999998
 0.317
 0.20499999999999999
 0.109
 0.049799999999999997
 0.0134
 0
 0
 0
 0
 0
 0
 0
 0
 0


# name: Cem1
# type: matrix
# rows: 78
# columns: 1
 0
 0
 0
 0
 0
 0
 0
 0
 0.00027399999999999999
 0
 0
 0
 0
 0.000125
 8.0599999999999994e-05
 7.3100000000000001e-05
 0
 0
 0
 0
 0
 0
 0
 0
 0
 0
 0.0048900000000000002
 0.017000000000000001
 0.035400000000000001
 0.053600000000000002
 0.074899999999999994
 0.091499999999999998
 0.11600000000000001
 0.14599999999999999
 0.17299999999999999
 0.19600000000000001
 0.21199999999999999
 0.23000000000000001
 0.24399999999999999
 0.253
 0.25600000000000001
 0.25600000000000001
 0.253
 0.246
 0.23699999999999999
 0.22600000000000001
 0.21299999999999999
 0.20000000000000001
 0.184
 0.17100000000000001
 0.158
 0.14499999999999999
 0.13400000000000001
 0.123
 0.112
 0.10199999999999999
 0.092100000000000001
 0.082699999999999996
 0.074099999999999999
 0.066500000000000004
 0.059799999999999999
 0.053800000000000001
 0.047699999999999999
 0.043299999999999998
 0.039300000000000002
 0.035499999999999997
 0.032199999999999999
 0.028899999999999999
 0.0263
 0.0235
 0.021499999999999998
 0.02
 0.017899999999999999
 0.0166
 0.0149
 0.013599999999999999
 0.0126
 0.0111


# name: Cex2
# type: matrix
# rows: 27
# columns: 1
 0.53200000000000003
 0.308
 0.251
 0.246
 0.28000000000000003
 0.309
 0.308
 0.308
 0.26900000000000002
 0.20699999999999999
 0.127
 0.053900000000000003
 0
 0
 0
 0
 0
 0
 0
 0
 0
 0
 0
 0
 0
 0
 0


# name: Cem2
# type: matrix
# rows: 78
# columns: 1
 0
 0
 0
 0
 0
 0
 0
 0
 0
 0
 0
 0
 0
 0
 0
 0
 0
 0.0104
 0.0402
 0.059499999999999997
 0.073499999999999996
 0.092399999999999996
 0.105
 0.128
 0.14599999999999999
 0.16400000000000001
 0.17999999999999999
 0.193
 0.20300000000000001
 0.20999999999999999
 0.217
 0.223
 0.221
 0.219
 0.21299999999999999
 0.21199999999999999
 0.20899999999999999
 0.20399999999999999
 0.19500000000000001
 0.188
 0.17999999999999999
 0.17399999999999999
 0.16800000000000001
 0.16
 0.14599999999999999
 0.13900000000000001
 0.13300000000000001
 0.125
 0.11799999999999999
 0.111
 0.105
 0.098500000000000004
 0.093899999999999997
 0.088999999999999996
 0.084099999999999994
 0.079299999999999995
 0.074899999999999994
 0.070599999999999996
 0.066400000000000001
 0.061100000000000002
 0.055500000000000001
 0.051499999999999997
 0.0504
 0.047699999999999999
 0.0448
 0.041099999999999998
 0.037900000000000003
 0.035000000000000003
 0.031399999999999997
 0.031
 0.028000000000000001
 0.023800000000000002
 0.023
 0.020299999999999999
 0.0189
 0.016199999999999999
 0.0137
 0.0138


# name: Cex3
# type: matrix
# rows: 27
# columns: 1
 0.29599999999999999
 0.374
 0.34899999999999998
 0.27400000000000002
 0.17999999999999999
 0.153
 0.112
 0.0608
 0.022200000000000001
 0.0081200000000000005
 0.025499999999999998
 0.059900000000000002
 0.114
 0.17000000000000001
 0.224
 0.26300000000000001
 0.28199999999999997
 0.29399999999999998
 0.27600000000000002
 0.21099999999999999
 0.14199999999999999
 0.094899999999999998
 0.077499999999999999
 0.072700000000000001
 0.071400000000000005
 0.063899999999999998
 0.038699999999999998


# name: Cem3
# type: matrix
# rows: 78
# columns: 1
 0
 0
 0
 0
 0
 0
 0
 0
 0.00059199999999999997
 0
 3.4600000000000001e-05
 0.00247
 0.00133
 0.0039300000000000003
 0.0039100000000000003
 0.0027100000000000002
 0.00094200000000000002
 0.00158
 0
 0
 0
 0
 0
 0
 0
 0.00096299999999999999
 0.0017799999999999999
 0
 0
 0
 0
 0
 0
 0
 0
 0
 0
 0
 0.0083999999999999995
 0.027900000000000001
 0.0482
 0.073599999999999999
 0.096500000000000002
 0.126
 0.14799999999999999
 0.17599999999999999
 0.20100000000000001
 0.221
 0.23400000000000001
 0.23999999999999999
 0.24199999999999999
 0.23999999999999999
 0.23999999999999999
 0.23599999999999999
 0.23100000000000001
 0.224
 0.218
 0.20999999999999999
 0.20000000000000001
 0.189
 0.17599999999999999
 0.16400000000000001
 0.152
 0.14299999999999999
 0.13400000000000001
 0.124
 0.115
 0.107
 0.098000000000000004
 0.092399999999999996
 0.085099999999999995
 0.077100000000000002
 0.072099999999999997
 0.065799999999999997
 0.060600000000000001
 0.053699999999999998
 0.049000000000000002
 0.045100000000000001


# name: Cex4
# type: matrix
# rows: 27
# columns: 1
 0.41099999999999998
 0.27800000000000002
 0.34399999999999997
 0.497
 0.51100000000000001
 0.32500000000000001
 0.14899999999999999
 0.0070400000000000003
 0
 0
 0
 0
 0
 0
 0
 0
 0
 0
 0
 0
 0
 0
 0
 0
 0
 0
 0


# name: Cem4
# type: matrix
# rows: 78
# columns: 1
 0
 0
 0
 0
 0
 0
 0
 0.039399999999999998
 0.0877
 0.14699999999999999
 0.19800000000000001
 0.218
 0.24399999999999999
 0.246
 0.248
 0.25600000000000001
 0.26500000000000001
 0.28000000000000003
 0.26200000000000001
 0.248
 0.23899999999999999
 0.221
 0.20399999999999999
 0.17499999999999999
 0.14699999999999999
 0.11600000000000001
 0.087099999999999997
 0.071999999999999995
 0.066400000000000001
 0.063100000000000003
 0.060999999999999999
 0.043299999999999998
 0.036299999999999999
 0.041000000000000002
 0.050900000000000001
 0.060199999999999997
 0.065699999999999995
 0.078
 0.085199999999999998
 0.089300000000000004
 0.0901
 0.089800000000000005
 0.090800000000000006
 0.088300000000000003
 0.087400000000000005
 0.080799999999999997
 0.074399999999999994
 0.069000000000000006
 0.062700000000000006
 0.058400000000000001
 0.053999999999999999
 0.048800000000000003
 0.044900000000000002
 0.043700000000000003
 0.039
 0.036600000000000001
 0.033500000000000002
 0.029499999999999998
 0.027099999999999999
 0.023599999999999999
 0.020500000000000001
 0.019800000000000002
 0.0012199999999999999
 0.00347
 0.0035799999999999998
 0
 0
 0
 0
 7.2799999999999998e-06
 1.0900000000000001e-05
 0.0129
 0.0111
 0.0129
 0.013599999999999999
 0.017000000000000001
 0.016899999999999998
 0.015900000000000001


