# Created by Octave 7.3.0, Sat Sep 30 04:34:25 2023 UTC <jovyan@224710f94f77>
# name: C
# type: scalar
4


# name: Cex
# type: matrix
# rows: 115
# columns: 1
 258
 261
 264
 267
 270
 273
 276
 279
 282
 285
 288
 291
 294
 297
 300
 303
 306
 309
 312
 315
 318
 321
 324
 327
 330
 333
 336
 339
 342
 345
 348
 351
 354
 357
 360
 363
 366
 369
 372
 375
 378
 381
 384
 387
 390
 393
 396
 399
 402
 405
 408
 411
 414
 417
 420
 423
 426
 429
 432
 435
 438
 441
 444
 447
 450
 453
 456
 459
 462
 465
 468
 471
 474
 477
 480
 483
 486
 489
 492
 495
 498
 501
 504
 507
 510
 513
 516
 519
 522
 525
 528
 531
 534
 537
 540
 543
 546
 549
 552
 555
 558
 561
 564
 567
 570
 573
 576
 579
 582
 585
 588
 591
 594
 597
 600


# name: Cem
# type: matrix
# rows: 178
# columns: 1
 244
 246
 248
 250
 252
 254
 256
 258
 260
 262
 264
 266
 268
 270
 272
 274
 276
 278
 280
 282
 284
 286
 288
 290
 292
 294
 296
 298
 300
 302
 304
 306
 308
 310
 312
 314
 316
 318
 320
 322
 324
 326
 328
 330
 332
 334
 336
 338
 340
 342
 344
 346
 348
 350
 352
 354
 356
 358
 360
 362
 364
 366
 368
 370
 372
 374
 376
 378
 380
 382
 384
 386
 388
 390
 392
 394
 396
 398
 400
 402
 404
 406
 408
 410
 412
 414
 416
 418
 420
 422
 424
 426
 428
 430
 432
 434
 436
 438
 440
 442
 444
 446
 448
 450
 452
 454
 456
 458
 460
 462
 464
 466
 468
 470
 472
 474
 476
 478
 480
 482
 484
 486
 488
 490
 492
 494
 496
 498
 500
 502
 504
 506
 508
 510
 512
 514
 516
 518
 520
 522
 524
 526
 528
 530
 532
 534
 536
 538
 540
 542
 544
 546
 548
 550
 552
 554
 556
 558
 560
 562
 564
 566
 568
 570
 572
 574
 576
 578
 580
 582
 584
 586
 588
 590
 592
 594
 596
 598


# name: Cex1
# type: matrix
# rows: 115
# columns: 1
 0.22184451999999999
 0.20639742999999999
 0.19033642000000001
 0.17322940000000001
 0.16124168999999999
 0.14859791
 0.13990247
 0.13140399
 0.12663235
 0.12375511
 0.12167947
 0.12132076
 0.11929430000000001
 0.1187642
 0.1180186
 0.11855795
 0.11858312999999999
 0.11979154
 0.12126820000000001
 0.12353521000000001
 0.1270126
 0.13058442000000001
 0.13567889
 0.14281874
 0.14961308000000001
 0.15843071
 0.16581633000000001
 0.16843137999999999
 0.17176791999999999
 0.17368663000000001
 0.17490738
 0.17556087000000001
 0.17465668000000001
 0.17348559999999999
 0.17015615000000001
 0.16622587999999999
 0.16098150999999999
 0.15342465
 0.14523568000000001
 0.13752490000000001
 0.12935596999999999
 0.11729414000000001
 0.10682203
 0.095408549999999995
 0.084923009999999993
 0.074474090000000007
 0.064123429999999995
 0.055399480000000001
 0.048475230000000001
 0.040453620000000003
 0.034364239999999997
 0.02930818
 0.023372500000000001
 0.019240650000000002
 0.015836260000000001
 0.011966910000000001
 0.0087468500000000005
 0.0046902799999999998
 0.00179295
 0
 0
 0
 0
 0
 0
 0
 0
 0
 0
 0
 0
 0
 0
 0
 0
 0
 0
 0
 0
 0
 0
 0
 0
 0
 0
 0
 0
 0
 0
 0
 0
 0
 0
 0
 0
 0
 0
 0
 0
 0
 0
 0
 0
 0
 0
 0
 0
 0
 0
 0
 0
 0
 0
 0
 0


# name: Cem1
# type: matrix
# rows: 178
# columns: 1
 0
 0
 0
 0
 0
 0
 0
 0
 0
 0
 0
 0
 0
 0
 0
 0
 0
 0
 0
 0
 0
 0
 0
 0
 0
 0
 0
 0
 0
 0
 0
 0
 0
 0
 0
 0
 0
 0
 0
 0
 0
 0
 0
 0
 0
 0
 0
 0
 0
 0
 0
 0
 0
 0
 0
 0
 2e-08
 0
 1.4999999999999999e-07
 0
 0
 2.4099999999999998e-06
 0
 5.7309999999999998e-05
 0
 0.00073404999999999998
 0.0036705599999999998
 0.0076854000000000002
 0.01316633
 0.018326829999999999
 0.024118520000000001
 0.03034864
 0.036399920000000002
 0.042875400000000001
 0.04951216
 0.055971760000000002
 0.063898780000000002
 0.070741059999999995
 0.078361459999999994
 0.086206779999999997
 0.094228500000000007
 0.10300948
 0.11126007
 0.11810262000000001
 0.12549795999999999
 0.13253551999999999
 0.13949866
 0.14635492
 0.15205998000000001
 0.1575414
 0.16290202000000001
 0.16575690000000001
 0.16971038999999999
 0.17297425
 0.17547361
 0.17789155000000001
 0.17935534
 0.18022709000000001
 0.18180890999999999
 0.18174106000000001
 0.17999356999999999
 0.17962027
 0.17705239
 0.17437026
 0.17328677000000001
 0.17057865
 0.16768224000000001
 0.16407659999999999
 0.16235384
 0.15830848
 0.15457752999999999
 0.15156312
 0.14688539
 0.14321083000000001
 0.13745903000000001
 0.13434360000000001
 0.13135031999999999
 0.12675433999999999
 0.1223733
 0.11964907
 0.11725316
 0.11284919
 0.10826222000000001
 0.10582881
 0.10195235
 0.097693660000000002
 0.094931199999999993
 0.090915720000000005
 0.087017730000000001
 0.083711019999999997
 0.079861479999999999
 0.076729320000000004
 0.073168910000000004
 0.069210140000000003
 0.066751599999999994
 0.063406470000000006
 0.060349439999999997
 0.05716769
 0.054320239999999999
 0.051635809999999997
 0.048917099999999998
 0.046468299999999997
 0.043851019999999998
 0.042045510000000001
 0.040000689999999998
 0.037692490000000002
 0.036094880000000003
 0.03479898
 0.03282852
 0.030851480000000001
 0.028598330000000002
 0.028054619999999999
 0.026945319999999998
 0.02533231
 0.024560970000000001
 0.02331774
 0.021927430000000001
 0.02078404
 0.019278219999999999
 0.018603379999999999
 0.0180079
 0.016654450000000001
 0.01601669
 0.01523215
 0.01423465
 0.014048049999999999
 0.01358993
 0.012664150000000001
 0.01205692
 0.0113448
 0.011100219999999999
 0.01040935
 0.0098664700000000004
 0.0094271600000000004
 0.0086196499999999995
 0.0080679199999999993
 0.0083034400000000005
 0.0074064600000000001


# name: Cex2
# type: matrix
# rows: 115
# columns: 1
 0.17001205999999999
 0.15425369999999999
 0.14226132999999999
 0.13603757999999999
 0.13135822
 0.12953629
 0.12861892999999999
 0.13320377999999999
 0.13957216
 0.14958853999999999
 0.16306349000000001
 0.17340681999999999
 0.18350989000000001
 0.18877023000000001
 0.19500508
 0.20216639
 0.20863444
 0.21408809000000001
 0.21891685
 0.22193199999999999
 0.22266517
 0.22228107999999999
 0.21976910999999999
 0.21306786
 0.20737976
 0.19768817999999999
 0.17980039
 0.16206140999999999
 0.14316013999999999
 0.12592221000000001
 0.10964409
 0.093351450000000002
 0.078299309999999997
 0.06363336
 0.051566870000000001
 0.041884289999999998
 0.03237019
 0.022578190000000001
 0.0170516
 0.0088060099999999995
 0
 0
 0
 0
 0
 0
 0
 0
 0
 0
 0
 0
 0
 0
 0
 0
 0
 0
 0
 1.9939999999999999e-05
 0
 0
 0
 0
 0
 0
 0
 0
 0
 0
 0
 0
 0
 0
 0
 0
 0
 0
 0
 0
 0
 0
 0
 0
 0
 0
 0
 0
 0
 0
 0
 0
 0
 0
 0
 0
 0
 0
 0
 0
 0
 0
 0
 0
 0
 0
 0
 0
 0
 0
 0
 0
 0
 0
 0


