# Created by Octave 7.3.0, Sun Oct 29 23:20:19 2023 UTC <jovyan@224710f94f77>
# name: C
# type: scalar
5


# name: Cex
# type: matrix
# rows: 31
# columns: 1
 250
 255
 260
 265
 270
 275
 280
 285
 290
 295
 300
 305
 310
 315
 320
 325
 330
 335
 340
 345
 350
 355
 360
 365
 370
 375
 380
 385
 390
 395
 400


# name: Cem
# type: matrix
# rows: 111
# columns: 1
 280
 282
 284
 286
 288
 290
 292
 294
 296
 298
 300
 302
 304
 306
 308
 310
 312
 314
 316
 318
 320
 322
 324
 326
 328
 330
 332
 334
 336
 338
 340
 342
 344
 346
 348
 350
 352
 354
 356
 358
 360
 362
 364
 366
 368
 370
 372
 374
 376
 378
 380
 382
 384
 386
 388
 390
 392
 394
 396
 398
 400
 402
 404
 406
 408
 410
 412
 414
 416
 418
 420
 422
 424
 426
 428
 430
 432
 434
 436
 438
 440
 442
 444
 446
 448
 450
 452
 454
 456
 458
 460
 462
 464
 466
 468
 470
 472
 474
 476
 478
 480
 482
 484
 486
 488
 490
 492
 494
 496
 498
 500


# name: Cex1
# type: matrix
# rows: 31
# columns: 1
 0.050547871000000001
 0.027374821000000001
 0.013527717
 0.011172343
 0.018377708
 0.025790479000000002
 0.035869432
 0.041368849999999999
 0.045198162
 0.051191690999999998
 0.058748266
 0.073596148
 0.098723679999999994
 0.12686287800000001
 0.15993215999999999
 0.201844511
 0.244594594
 0.28318848400000002
 0.31621736
 0.33908191599999998
 0.34916463399999997
 0.33655453699999999
 0.315372812
 0.289522108
 0.23427753200000001
 0.17915534299999999
 0.131471697
 0.081747674000000006
 0.044374022999999999
 0.017778316999999998
 0.00043105200000000002


# name: Cem1
# type: matrix
# rows: 111
# columns: 1
 0
 0
 0
 0
 0
 0
 0
 0
 0
 5.9930099999999997e-05
 0
 0
 0
 0
 0
 0
 0
 0
 0
 0
 0
 0
 0
 0
 0
 0
 0
 0
 0.00016183300000000001
 0
 0
 0
 0
 0
 0
 0
 0
 0
 0
 0
 0
 0
 0
 0
 0
 1.2857099999999999e-05
 0.0011916990000000001
 0.0032982089999999999
 0.0057939819999999996
 0.0085262889999999994
 0.011817151
 0.016251206000000001
 0.021803972000000001
 0.027416795000000001
 0.035487181999999999
 0.045047394999999997
 0.055080658999999997
 0.066160671000000004
 0.077523095
 0.089384608000000004
 0.100554833
 0.109681769
 0.117987387
 0.12580509600000001
 0.130810079
 0.13739174800000001
 0.14197280800000001
 0.14716792200000001
 0.153531153
 0.159105733
 0.16430983900000001
 0.17026450100000001
 0.17465097900000001
 0.17908559399999999
 0.18164966099999999
 0.182370482
 0.18090291
 0.179851765
 0.17943689500000001
 0.177110832
 0.17473536100000001
 0.17249466399999999
 0.169823528
 0.166903423
 0.164606172
 0.161226499
 0.15857524000000001
 0.15450660099999999
 0.150530303
 0.14688754800000001
 0.14184761700000001
 0.137681258
 0.13274681999999999
 0.12750893199999999
 0.122437738
 0.118215454
 0.113725322
 0.109266909
 0.104300829
 0.100539394
 0.096971931999999997
 0.092354086000000002
 0.088632770999999999
 0.085040023000000006
 0.081617205999999998
 0.078463353
 0.075956651
 0.072026047999999995
 0.069396834000000004
 0.067460307999999997
 0.065158000999999993


# name: Cex2
# type: matrix
# rows: 31
# columns: 1
 0.38183562900000001
 0.34135212199999998
 0.28543669199999999
 0.25178899599999999
 0.19906560400000001
 0.18262326200000001
 0.15867437100000001
 0.15493056899999999
 0.155014024
 0.152005685
 0.16123310599999999
 0.15849193
 0.153428341
 0.155516084
 0.15178269599999999
 0.14999897000000001
 0.15052226199999999
 0.149774294
 0.149903271
 0.14951983599999999
 0.15014556900000001
 0.144028191
 0.143868727
 0.152001144
 0.140295054
 0.13222947400000001
 0.13270270200000001
 0.12161841700000001
 0.112969096
 0.105047076
 0.093610267999999996


# name: Cem2
# type: matrix
# rows: 111
# columns: 1
 0.0014142569999999999
 0
 0
 0
 0
 0
 0
 0
 0
 0
 0
 0
 0
 0
 0
 0
 0
 0
 0
 0
 0
 0
 0
 0
 0
 0
 0
 0
 0
 0
 0
 0
 0
 0
 0
 0
 0
 0
 0
 0
 0
 0
 0
 0
 0
 0
 0
 0
 0
 0
 0
 0
 0
 0.003174381
 0.0068635939999999998
 0.010095197
 0.015083918
 0.020316280999999999
 0.026336571999999999
 0.032043093000000002
 0.036915147000000002
 0.043053679999999997
 0.049730881999999997
 0.054946834
 0.061305669
 0.065892029000000005
 0.071100703000000001
 0.076142356999999994
 0.081998512999999995
 0.087202651000000006
 0.094071349999999998
 0.10069151899999999
 0.10765208900000001
 0.11526442200000001
 0.12063194200000001
 0.124427553
 0.129872195
 0.13454237099999999
 0.137920931
 0.143430107
 0.14767857200000001
 0.151829924
 0.156721053
 0.16132991299999999
 0.16367752199999999
 0.16587518300000001
 0.16703937999999999
 0.16841424999999999
 0.17039686800000001
 0.171799806
 0.17335455699999999
 0.17352546799999999
 0.173962118
 0.173668037
 0.17368550599999999
 0.17301196399999999
 0.17070105199999999
 0.17097490400000001
 0.170757837
 0.167267306
 0.16475384200000001
 0.16354185199999999
 0.160209983
 0.15796228000000001
 0.154167415
 0.150721887
 0.145938971
 0.14326135700000001
 0.13919874800000001
 0.133295732
 0.127685939


# name: Cex3
# type: matrix
# rows: 31
# columns: 1
 0.33006975900000002
 0.25795241200000002
 0.212153328
 0.19548105099999999
 0.17104365699999999
 0.17521739
 0.17731147799999999
 0.19718149800000001
 0.21662384400000001
 0.22746701699999999
 0.25142428100000003
 0.257056864
 0.25509128199999997
 0.26046075200000002
 0.25050562100000001
 0.23430620299999999
 0.21457361
 0.18695594099999999
 0.155427604
 0.11885066599999999
 0.087386530000000004
 0.059234671000000003
 0.037829163999999998
 0.021927709
 0.012043165999999999
 0.003558163
 0
 0
 0
 0
 0


# name: Cem3
# type: matrix
# rows: 111
# columns: 1
 0
 0
 0
 0
 0
 0
 0
 0
 0
 0
 0
 0
 0
 0
 0
 0
 0
 0
 0
 0
 0
 0
 0
 0
 0
 0
 0
 0
 0.00076116400000000005
 0.0049482550000000004
 0.01159434
 0.017974917999999999
 0.024607918999999999
 0.032938009999999997
 0.040424251000000001
 0.048499054999999999
 0.05640676
 0.063960286000000005
 0.073469965999999998
 0.083583386999999995
 0.094332473999999999
 0.106377543
 0.115662135
 0.125980907
 0.134920821
 0.14364523200000001
 0.15174405499999999
 0.156051936
 0.16170220299999999
 0.169303184
 0.17454409500000001
 0.180843699
 0.185371388
 0.187577941
 0.18831716800000001
 0.188651965
 0.18848015800000001
 0.187808436
 0.184497619
 0.18098041400000001
 0.18050397400000001
 0.17723429700000001
 0.17298685599999999
 0.170129892
 0.166085803
 0.163512346
 0.15968333300000001
 0.15551822200000001
 0.150725632
 0.14513910799999999
 0.14070422299999999
 0.134038928
 0.127215782
 0.11842077600000001
 0.111834191
 0.106418493
 0.103616998
 0.099343348999999997
 0.092602061999999999
 0.087235004000000005
 0.080991630999999994
 0.076059919000000004
 0.070411215999999999
 0.064578232999999999
 0.059566537000000003
 0.055496823000000001
 0.052653392
 0.048779318000000002
 0.044771414000000002
 0.040985300000000002
 0.036837270999999998
 0.033059078999999998
 0.029717652000000001
 0.026145392
 0.023590495999999999
 0.020286960999999999
 0.018279630000000002
 0.016280297999999999
 0.012795822
 0.010542507
 0.010326396
 0.0084656699999999998
 0.0066103250000000002
 0.0051871570000000004
 0.0038592259999999999
 0.003442938
 0.0031660059999999999
 0.0021067920000000001
 0.00051330400000000002
 0.00077622300000000004
 3.8778100000000001e-05


# name: Cex4
# type: matrix
# rows: 31
# columns: 1
 0.29484370900000001
 0.22875759100000001
 0.22104242499999999
 0.23927393799999999
 0.248132509
 0.27713839899999998
 0.29335515200000001
 0.31675510600000001
 0.326032881
 0.312576309
 0.296131066
 0.25627766800000001
 0.200460372
 0.14740683700000001
 0.092857839999999997
 0.040867571999999998
 0.016386334999999998
 0.0033584140000000001
 0
 0
 0
 0
 0
 0
 0
 0
 0
 0
 0
 0
 0


