# Created by Octave 7.3.0, Sat Oct 07 15:06:13 2023 UTC <jovyan@224710f94f77>
# name: C
# type: scalar
4


# name: Cex
# type: matrix
# rows: 55
# columns: 1
 230
 235
 240
 245
 250
 255
 260
 265
 270
 275
 280
 285
 290
 295
 300
 305
 310
 315
 320
 325
 330
 335
 340
 345
 350
 355
 360
 365
 370
 375
 380
 385
 390
 395
 400
 405
 410
 415
 420
 425
 430
 435
 440
 445
 450
 455
 460
 465
 470
 475
 480
 485
 490
 495
 500


# name: Cem
# type: matrix
# rows: 76
# columns: 1
 250
 254
 258
 262
 266
 270
 274
 278
 282
 286
 290
 294
 298
 302
 306
 310
 314
 318
 322
 326
 330
 334
 338
 342
 346
 350
 354
 358
 362
 366
 370
 374
 378
 382
 386
 390
 394
 398
 402
 406
 410
 414
 418
 422
 426
 430
 434
 438
 442
 446
 450
 454
 458
 462
 466
 470
 474
 478
 482
 486
 490
 494
 498
 502
 506
 510
 514
 518
 522
 526
 530
 534
 538
 542
 546
 550


# name: Cex1
# type: matrix
# rows: 55
# columns: 1
 0.61090017200000002
 0.366317581
 0.19751880799999999
 0.130663796
 0.12730266200000001
 0.14987967399999999
 0.18373513799999999
 0.221374552
 0.25187287200000003
 0.27135732699999998
 0.27000117899999998
 0.237473512
 0.17703400799999999
 0.106862873
 0.054107323999999998
 0.029085913000000001
 0.021389710999999999
 0.021358172000000002
 0.021946370999999999
 0.023091805
 0.015414465
 0.0045823269999999998
 0
 0
 0
 0
 0
 0
 0
 0
 0
 0
 0
 0
 0
 0
 0
 0
 0
 0
 0
 0
 0
 0
 0
 0
 0
 0
 0
 0
 0
 0
 0
 0
 0


# name: Cem1
# type: matrix
# rows: 76
# columns: 1
 0
 0
 0
 0
 0
 0
 0
 0
 0
 0
 0.0073166059999999998
 0.026839348999999998
 0.052228772999999999
 0.083393576999999997
 0.11928607200000001
 0.155954552
 0.192574471
 0.22514629999999999
 0.254428828
 0.27714754800000002
 0.29287402499999998
 0.29817881899999998
 0.29697986599999998
 0.28786025900000001
 0.27386395899999999
 0.25304479800000002
 0.23228346799999999
 0.20890138
 0.186403073
 0.16392156799999999
 0.14374330499999999
 0.123794244
 0.105779424
 0.090536040999999998
 0.077082250000000005
 0.064863071999999994
 0.054872265000000003
 0.046296591999999998
 0.039980343000000002
 0.034333473000000003
 0.030187499999999999
 0.026964123999999999
 0.024620716000000001
 0.022256732000000001
 0.020784881000000002
 0.020211257999999999
 0.011497244
 0.010380343
 0.010356526
 0.0043909300000000004
 0.0040482060000000004
 0.0032675099999999999
 0.003750354
 0.0044387599999999999
 0.0045912119999999999
 0.005443959
 0.0057087320000000002
 0.006165612
 0.0070853970000000002
 0.0069308740000000001
 0
 0
 0
 0
 0
 0
 0
 0
 0
 0
 0
 0
 0
 0
 0
 0


# name: Cex2
# type: matrix
# rows: 55
# columns: 1
 0.058279743000000002
 0.19603927299999999
 0.26152720000000002
 0.26637556899999998
 0.25905283099999998
 0.26558037800000001
 0.28006929800000002
 0.284718843
 0.27191333699999998
 0.240720085
 0.199457042
 0.15045355499999999
 0.10716954200000001
 0.075913937000000001
 0.059228897000000003
 0.055439937000000002
 0.059157018999999998
 0.064512282000000004
 0.068204727000000007
 0.072285864000000005
 0.077964151999999995
 0.085388538
 0.094590056000000006
 0.106581781
 0.118287605
 0.13213360099999999
 0.145703002
 0.156751998
 0.16457650500000001
 0.16821934699999999
 0.16467942599999999
 0.15675982499999999
 0.14417524700000001
 0.1278444
 0.10800042
 0.087673839000000003
 0.067735215000000001
 0.051266816
 0.038672724999999998
 0.030326974
 0.023299154999999998
 0.018784372000000001
 0.015802931999999999
 0.014782432
 0.013142302
 0.011742869
 0.010144485
 0.0072901249999999997
 0.0054830240000000004
 0.0039297070000000002
 0.002680712
 0.0013103489999999999
 0.00087376299999999995
 0.00056890499999999997
 0.00038798000000000001


# name: Cem2
# type: matrix
# rows: 76
# columns: 1
 0
 0
 0
 0
 0
 0
 0
 0
 0
 0
 0
 0.00014828399999999999
 0.0016618570000000001
 0.0033773900000000001
 0.0049816169999999998
 0.0051785260000000001
 0.0042783769999999999
 0.0036856480000000001
 0.0026109779999999999
 0.0018269510000000001
 0.0010448600000000001
 0.00088769000000000001
 0.0017733079999999999
 0.003453809
 0.0051402519999999997
 0.008573074
 0.010788426
 0.013968955
 0.017250767
 0.019820192
 0.020908
 0.021588721000000002
 0.021689541999999999
 0.020025345999999999
 0.018184701000000001
 0.01651267
 0.016041758
 0.017081901
 0.021537991999999999
 0.030431146999999999
 0.044567026000000003
 0.063549853000000003
 0.086516074999999998
 0.11177751800000001
 0.13797020600000001
 0.16168238700000001
 0.188867336
 0.20809182700000001
 0.22537455100000001
 0.23797971500000001
 0.24842440299999999
 0.25322399499999998
 0.25765552200000003
 0.25801682799999998
 0.25564261100000002
 0.245470155
 0.23687707499999999
 0.225938729
 0.20979149899999999
 0.19323538100000001
 0.185510594
 0.17062725100000001
 0.15086930000000001
 0.13831274199999999
 0.12621945700000001
 0.104769073
 0.093642621999999995
 0.076520093999999997
 0.071421275000000006
 0.061397344999999999
 0.050791643999999997
 0.043341240000000003
 0.035492963000000002
 0.032982351
 0.028199932
 0.023110411000000001


# name: Cex3
# type: matrix
# rows: 55
# columns: 1
 0.25188472499999998
 0.20803269899999999
 0.16373779899999999
 0.136760728
 0.11283035800000001
 0.108404817
 0.108851193
 0.113302124
 0.136620298
 0.16366646100000001
 0.18830059800000001
 0.19945246799999999
 0.188493304
 0.161297302
 0.14559468
 0.14771072599999999
 0.16524506799999999
 0.188134578
 0.212889519
 0.23641438300000001
 0.25744150300000002
 0.27016674800000001
 0.27176134099999999
 0.23717570800000001
 0.236893303
 0.201635695
 0.155410243
 0.108925758
 0.068456441000000007
 0.041873051000000001
 0.022192943999999999
 0.01047524
 0.0052660349999999996
 0.0030233529999999999
 0.0021396560000000002
 0.0039545520000000001
 0.0057306249999999996
 0.0070133720000000004
 0.0067233950000000001
 0.0043310800000000002
 0.0031409849999999998
 0.0021484379999999999
 0.001453403
 0.00062239999999999995
 0.00032977499999999998
 0.00013008299999999999
 0
 0
 0
 0
 0
 0
 1.2223600000000001e-06
 5.79813e-06
 8.3413200000000006e-06


# name: Cem3
# type: matrix
# rows: 76
# columns: 1
 0
 0
 0
 0
 0
 0
 0
 0
 0
 0
 0.00070261300000000004
 0.00084388499999999995
 0.0011365189999999999
 0.00088194
 0
 0
 0
 0
 0
 0
 0
 0
 0.0046314360000000001
 0.0096569910000000002
 0.014859282999999999
 0.021153966
 0.028808565000000001
 0.035272000999999997
 0.041871303999999998
 0.051212285000000003
 0.063480023999999996
 0.084552460999999995
 0.109094013
 0.13746718199999999
 0.168483304
 0.19846042699999999
 0.22591556500000001
 0.249102992
 0.26770587200000001
 0.27831223399999999
 0.28145385099999998
 0.27828107600000002
 0.27070345699999998
 0.25774844299999999
 0.241427537
 0.223494253
 0.20455390900000001
 0.18443543700000001
 0.16654403100000001
 0.15001889800000001
 0.134875786
 0.120775506
 0.10896478599999999
 0.097722539999999997
 0.088005851999999996
 0.077566310999999999
 0.069287423000000001
 0.061826224999999999
 0.054364959999999997
 0.047612836999999998
 0.040476142
 0.035700558
 0.031111628999999998
 0.027884089000000001
 0.025369527999999999
 0.023071096999999999
 0.021132707000000001
 0.019617438000000001
 0.01818285
 0.016745891999999998
 0.015579516
 0.014141894
 0.013252699999999999
 0.012432732
 0.011070889
 0.010419942999999999


