# Created by Octave 7.3.0, Sun Oct 29 23:13:00 2023 UTC <jovyan@224710f94f77>
# name: C
# type: scalar
7


# name: Cex
# type: matrix
# rows: 31
# columns: 1
 250
 255
 260
 265
 270
 275
 280
 285
 290
 295
 300
 305
 310
 315
 320
 325
 330
 335
 340
 345
 350
 355
 360
 365
 370
 375
 380
 385
 390
 395
 400


# name: Cem
# type: matrix
# rows: 111
# columns: 1
 280
 282
 284
 286
 288
 290
 292
 294
 296
 298
 300
 302
 304
 306
 308
 310
 312
 314
 316
 318
 320
 322
 324
 326
 328
 330
 332
 334
 336
 338
 340
 342
 344
 346
 348
 350
 352
 354
 356
 358
 360
 362
 364
 366
 368
 370
 372
 374
 376
 378
 380
 382
 384
 386
 388
 390
 392
 394
 396
 398
 400
 402
 404
 406
 408
 410
 412
 414
 416
 418
 420
 422
 424
 426
 428
 430
 432
 434
 436
 438
 440
 442
 444
 446
 448
 450
 452
 454
 456
 458
 460
 462
 464
 466
 468
 470
 472
 474
 476
 478
 480
 482
 484
 486
 488
 490
 492
 494
 496
 498
 500


# name: Cex1
# type: matrix
# rows: 31
# columns: 1
 0.36731026500000002
 0.35217136199999999
 0.31559960500000001
 0.301422617
 0.26041374900000003
 0.24709504500000001
 0.21394902399999999
 0.193938478
 0.178159341
 0.16000302799999999
 0.15515309899999999
 0.142111617
 0.12987273499999999
 0.122905397
 0.112707417
 0.106280344
 0.106166066
 0.107445526
 0.11063210499999999
 0.111885393
 0.116062531
 0.114503615
 0.114291912
 0.12387648599999999
 0.11635076599999999
 0.112863213
 0.11368874900000001
 0.106223653
 0.101290914
 0.097168141999999999
 0.089511186000000006


# name: Cem1
# type: matrix
# rows: 111
# columns: 1
 0
 0.00045499599999999999
 0
 0
 0
 0
 0
 0
 0
 0
 0
 0
 0.002296509
 0.001336818
 0
 0
 0
 0
 0
 0
 0
 0
 0
 0
 0
 0
 0
 0.002195574
 0
 0
 0
 0
 0
 0
 0
 0
 0
 0
 0
 0
 0
 0
 0
 0
 0
 0
 0
 0
 0
 0
 0
 0
 0.00068467400000000002
 0.00082443600000000001
 0.0042739930000000002
 0.0063900470000000003
 0.011590853
 0.016126444
 0.021111004999999999
 0.029733701000000001
 0.031658145999999998
 0.041039519000000003
 0.049526411999999999
 0.054709588000000003
 0.064065820999999995
 0.063853176999999997
 0.073107284999999994
 0.079197398000000002
 0.083081279999999993
 0.092284527000000005
 0.093911475999999994
 0.099780168000000002
 0.10750509499999999
 0.11476059500000001
 0.119331666
 0.123968802
 0.13081314799999999
 0.136882051
 0.14057138699999999
 0.14505111600000001
 0.14725722599999999
 0.15148235500000001
 0.154946889
 0.157626723
 0.16483789099999999
 0.16580050099999999
 0.16692036699999999
 0.16708118599999999
 0.17097907000000001
 0.170913335
 0.17197310599999999
 0.17277204199999999
 0.173633491
 0.17107792499999999
 0.17309378
 0.172831552
 0.170117938
 0.17026042299999999
 0.16747532400000001
 0.16538731500000001
 0.16272457100000001
 0.163201813
 0.160561235
 0.15907554900000001
 0.15492056400000001
 0.14949901700000001
 0.15032642500000001
 0.145002307
 0.140927737
 0.13734659399999999
 0.133496211


# name: Cex2
# type: matrix
# rows: 31
# columns: 1
 0.37191885299999999
 0.308941095
 0.24503143499999999
 0.221377716
 0.19228974900000001
 0.18786162100000001
 0.17942434700000001
 0.18523046900000001
 0.19129689699999999
 0.200287566
 0.22320332100000001
 0.23333193199999999
 0.232807176
 0.24076394400000001
 0.23449936299999999
 0.220037542
 0.203516537
 0.173211949
 0.146234535
 0.118186031
 0.090052681999999995
 0.064968256000000002
 0.042764029000000002
 0.025723972000000001
 0.014893399999999999
 0.006962495
 0.0012186499999999999
 0
 0
 0
 0


# name: Cem2
# type: matrix
# rows: 111
# columns: 1
 0
 0
 0
 0
 0
 0
 0
 0
 0
 0
 0
 0
 0
 0
 0
 0
 0
 0
 0
 0
 0
 0
 0
 0
 0
 0
 0
 0
 0.0018189409999999999
 0.005961933
 0.0092283980000000005
 0.015523878
 0.023982960000000001
 0.030661733
 0.033241421
 0.039637757000000003
 0.046439415999999997
 0.053352607000000003
 0.064572239000000003
 0.071416846000000006
 0.081995782000000003
 0.090897190000000003
 0.099024809000000005
 0.10621057
 0.11302659299999999
 0.12261111500000001
 0.132027594
 0.13688298900000001
 0.14625390699999999
 0.150736961
 0.15828288700000001
 0.165071369
 0.16978179800000001
 0.18004272800000001
 0.182881184
 0.18430017500000001
 0.18197518800000001
 0.18550428099999999
 0.18778066800000001
 0.17780717800000001
 0.18297443099999999
 0.177779194
 0.16852576499999999
 0.16985905700000001
 0.16249746900000001
 0.170274331
 0.16008961899999999
 0.15564946800000001
 0.156017401
 0.14753818699999999
 0.14704013399999999
 0.14093444299999999
 0.133785024
 0.12893796900000001
 0.12633697999999999
 0.12212115900000001
 0.11464606400000001
 0.109229178
 0.10824539900000001
 0.100011673
 0.097654828999999999
 0.094589906000000001
 0.092585633000000001
 0.089492075000000004
 0.078067325000000007
 0.075537207999999995
 0.073762930000000004
 0.070499246000000002
 0.064783827000000002
 0.064264188999999999
 0.058846843000000003
 0.056217199000000002
 0.051671781
 0.049558342999999998
 0.045618917000000002
 0.043174102999999998
 0.042497834999999998
 0.039733983
 0.036126642
 0.035805945999999998
 0.036042481000000001
 0.031097011000000001
 0.030165773
 0.027369864000000001
 0.026042361999999999
 0.027299672000000001
 0.020796812000000001
 0.020638152
 0.016425873000000001
 0.016979043999999999
 0.015464690999999999


# name: Cex3
# type: matrix
# rows: 31
# columns: 1
 0.24423534299999999
 0.215256645
 0.25270846699999999
 0.34063885300000002
 0.42435904099999999
 0.45158406000000001
 0.41571588799999998
 0.31595920900000002
 0.19924537
 0.117846042
 0.058718843999999999
 0.020576909000000001
 0.00093622200000000001
 0
 0
 0
 0
 0
 0
 0
 0
 0
 0
 0
 0
 0
 0
 0
 0
 0
 0


# name: Cem3
# type: matrix
# rows: 111
# columns: 1
 0
 0
 0.027876106000000001
 0.039522893000000003
 0.058768077000000002
 0.087087448999999997
 0.121039331
 0.14377374500000001
 0.164833752
 0.19427347
 0.20499489800000001
 0.21575752400000001
 0.20946408599999999
 0.20936568799999999
 0.20673243099999999
 0.21279731099999999
 0.22261914099999999
 0.22531600399999999
 0.21852102000000001
 0.22057163499999999
 0.222201117
 0.21435641899999999
 0.19870805499999999
 0.18680438699999999
 0.190966362
 0.16980978599999999
 0.168954202
 0.15562171399999999
 0.14829156900000001
 0.12801162599999999
 0.133998375
 0.10173984699999999
 0.109411235
 0.099198167000000004
 0.089046614999999996
 0.086129801000000006
 0.076017122000000006
 0.069516384000000001
 0.067173875999999993
 0.051049058000000001
 0.055310587000000001
 0.039210287000000003
 0.045790606999999997
 0.038559345000000002
 0.039608127
 0.034729533
 0.032223449000000001
 0.020890356999999998
 0.026072880999999999
 0.027022421000000001
 0.016055307000000001
 0.019240942
 0.016548679
 0.017213655000000001
 0.007346801
 0.013097075
 0.013009583
 0.0092417160000000005
 0.011959389000000001
 0.0033967749999999999
 0.0058809889999999997
 0.0030137179999999999
 0.0080031560000000009
 0.0017384480000000001
 0.0027340630000000001
 0.0055723439999999999
 0
 0
 0
 0
 0.0041050009999999996
 0.0033350390000000001
 9.8961699999999998e-05
 0.0011511
 0.0043120950000000002
 0.002729605
 0
 0.0001862
 0
 0
 5.87506e-05
 0.0019504819999999999
 0.0037863240000000002
 0
 0
 0
 0
 0
 0
 0
 0
 0
 0
 0
 0
 0
 0
 0
 0
 0
 0
 0
 0
 0
 0
 0.0037064289999999998
 0
 0.0075979300000000001
 0.0021290480000000001
 0.0060299059999999998
 0.002189631


# name: Cex4
# type: matrix
# rows: 31
# columns: 1
 0.059449061999999997
 0.014141595
 0
 0
 0
 0.0047303240000000002
 0.021206808000000001
 0.034638108000000001
 0.049343525999999999
 0.057243186000000001
 0.068860185000000004
 0.085988337999999997
 0.11335076700000001
 0.143143833
 0.177017062
 0.21292297199999999
 0.25259980399999998
 0.28626471199999998
 0.311457445
 0.32697789799999999
 0.33766630800000003
 0.321203087
 0.304952261
 0.28317848000000001
 0.236668453
 0.185705272
 0.14472868899999999
 0.099911583999999998
 0.061646628000000002
 0.033856911000000003
 0.017686332999999999


