# Created by Octave 7.3.0, Sat Oct 14 03:00:03 2023 UTC <jovyan@224710f94f77>
# name: C
# type: scalar
6


# name: Cex
# type: matrix
# rows: 47
# columns: 1
 263
 267
 271
 275
 279
 283
 287
 291
 295
 299
 303
 307
 311
 315
 319
 323
 327
 331
 335
 339
 343
 347
 351
 355
 359
 363
 367
 371
 375
 379
 383
 387
 391
 395
 399
 403
 407
 411
 415
 419
 423
 427
 431
 435
 439
 443
 447


# name: Cem
# type: matrix
# rows: 77
# columns: 1
 249
 254
 258
 263
 267
 272
 276
 281
 285
 290
 294
 299
 303
 308
 312
 317
 322
 326
 331
 335
 340
 344
 349
 353
 358
 363
 367
 372
 376
 381
 386
 390
 395
 399
 404
 409
 413
 418
 422
 427
 432
 436
 441
 446
 450
 455
 459
 464
 469
 473
 478
 483
 487
 492
 497
 501
 506
 511
 515
 520
 525
 529
 534
 539
 543
 548
 553
 557
 562
 567
 572
 576
 581
 586
 590
 595
 600


# name: Cex1
# type: matrix
# rows: 47
# columns: 1
 0.28257848899999999
 0.410985137
 0.49030199800000002
 0.49360132200000001
 0.41494442599999998
 0.281580946
 0.124354777
 0.016475088999999998
 0
 0
 0
 0
 0
 0
 0
 0
 0
 0
 0
 0
 0
 0
 0
 0
 0
 0
 0
 0
 0
 0
 0
 0
 0
 4.74956e-06
 2.3339199999999998e-05
 4.0951200000000002e-05
 6.2737900000000001e-05
 7.1165299999999994e-05
 7.2125600000000006e-05
 6.7189100000000004e-05
 6.2414600000000004e-05
 6.1924699999999993e-05
 8.2776500000000003e-05
 7.4382399999999994e-05
 6.8492300000000002e-05
 6.8057400000000003e-05
 7.0632900000000006e-05


# name: Cem1
# type: matrix
# rows: 77
# columns: 1
 0.025307123000000001
 0.027023869999999998
 0.030071477999999999
 0.033723424000000002
 0.18959546899999999
 0.22011339899999999
 0.23589805799999999
 0.24490103999999999
 0.25201593900000002
 0.25845740499999997
 0.26323465699999998
 0.26692367900000002
 0.27015494499999998
 0.27101286099999999
 0.27014529599999998
 0.26513655600000002
 0.25193726100000002
 0.23387264199999999
 0.20380716400000001
 0.168467018
 0.13489614699999999
 0.106129628
 0.083939810000000004
 0.066428496000000004
 0.051600444000000002
 0.039609674999999997
 0.030143983999999999
 0.023661431
 0.018502006000000001
 0.013961304000000001
 0.0098666589999999998
 0.006114731
 0.003512959
 0.0013031640000000001
 0
 0
 0
 0
 0
 0
 0
 0
 0
 0
 0
 0
 0
 0
 0
 0
 0
 0
 0
 1.14366e-05
 0.00072854300000000001
 0.001415632
 0.002100265
 0.002934547
 0.003531841
 0.0041168990000000003
 0.0043484379999999996
 0.0046808249999999996
 0.0047375890000000004
 0.0047255810000000004
 0.0047358799999999996
 0.0047445459999999997
 0.0047534910000000003
 0.0047502680000000002
 0.0048261509999999999
 0.004891757
 0.0051279960000000001
 0.0057433989999999997
 0.0065556019999999998
 0.0072040070000000001
 0.0077987300000000002
 0.0082057039999999994
 0.007981999


# name: Cex2
# type: matrix
# rows: 47
# columns: 1
 0.34318143400000001
 0.32638088999999998
 0.33015332400000003
 0.35732712700000002
 0.36383933099999999
 0.35987500500000003
 0.33628956900000001
 0.28196379100000002
 0.206195141
 0.148079554
 0.100224778
 0.067117034000000006
 0.047455149000000002
 0.032079121000000002
 0.024764403000000001
 0.020556392999999999
 0.018213492000000001
 0.016047364000000001
 0.014623858999999999
 0.012633521999999999
 0.010902454000000001
 0.0098679639999999999
 0.0059856249999999996
 0.003068982
 0
 0
 0
 0
 0
 0
 0
 0
 0
 0
 0
 0
 0
 0
 0
 0
 0
 0
 0
 0
 0
 0
 0


# name: Cem2
# type: matrix
# rows: 77
# columns: 1
 3.1216400000000002e-07
 7.1076999999999995e-07
 9.5069700000000002e-06
 0.000120029
 0
 0
 0.010028509
 0.026201756
 0.049355147000000002
 0.074653036000000006
 0.098801589999999995
 0.12195600299999999
 0.14564129200000001
 0.16664299900000001
 0.188374237
 0.202817513
 0.21513084299999999
 0.23267406600000001
 0.25341081599999998
 0.26748901800000002
 0.27532757299999999
 0.279235768
 0.27404269999999997
 0.26049967099999999
 0.24110203199999999
 0.21989783900000001
 0.198809232
 0.17959317499999999
 0.16675331099999999
 0.15069608700000001
 0.13898539400000001
 0.122020738
 0.108264899
 0.093204843999999995
 0.084299742999999996
 0.074101502
 0.063018589
 0.053291278999999997
 0.044748587999999999
 0.035294527999999999
 0.027125527999999999
 0.022263208
 0.016579355
 0.011324422000000001
 0.0069129409999999997
 0.0033080309999999999
 0.0017078530000000001
 0.00025060300000000001
 0
 0
 0
 0
 0
 0
 0
 0
 0
 0
 0.00050398499999999998
 0.00048095000000000001
 0.0010601849999999999
 0.0015304629999999999
 0.00098480700000000009
 0.0015229110000000001
 0.0019139630000000001
 0.001723446
 0.0021143059999999998
 0.0029752820000000001
 0.003413265
 0.0043924849999999998
 0.0049831540000000001
 0.0052479950000000001
 0.0057129030000000001
 0.0062465960000000001
 0.005964698
 0.0060984300000000002
 0.0064719219999999997


# name: Cex3
# type: matrix
# rows: 47
# columns: 1
 0
 0.116142967
 0.25013965399999999
 0.34857804199999998
 0.47616128000000002
 0.51501712700000002
 0.43943602599999998
 0.302278412
 0.15968805699999999
 0.022035715000000001
 0
 0
 0
 0
 0
 0
 0
 0
 0
 0
 0
 0
 0
 0
 0
 0
 0
 0
 0
 0
 0
 0
 0
 0
 0
 0
 0
 0
 0
 0
 0
 0
 0
 0
 0
 0
 0


# name: Cem3
# type: matrix
# rows: 77
# columns: 1
 0.047279486000000003
 0.048127239000000002
 0.045463093000000003
 0.042075914999999998
 0.23791694999999999
 0.247703801
 0.24709542000000001
 0.25398348799999998
 0.258191485
 0.25887447200000002
 0.25639430800000002
 0.25177679200000003
 0.24880813299999999
 0.24130748299999999
 0.230820303
 0.22736357800000001
 0.22757723099999999
 0.22302670499999999
 0.211924311
 0.19208479000000001
 0.16206351499999999
 0.134407846
 0.108911772
 0.087779967
 0.069681472999999994
 0.054686674999999997
 0.043812322000000001
 0.034255636999999999
 0.025588546
 0.02103756
 0.016070362000000001
 0.012020512000000001
 0.0090830170000000005
 0.0067155820000000003
 0.0048007529999999996
 0.0030048560000000002
 0.0020815310000000002
 0.00037876700000000001
 0
 0
 0
 0
 0
 0
 0
 0
 0
 0
 0
 0
 0
 0
 0
 0
 0
 0
 0
 0
 0.00031271100000000002
 0.00082843800000000003
 0.001726256
 0.0023819750000000002
 0.0030157679999999998
 0.0035997659999999999
 0.0041179950000000002
 0.0044049069999999996
 0.0046537940000000002
 0.0045612020000000003
 0.0045284430000000001
 0.0045790780000000003
 0.0044223229999999997
 0.004309294
 0.0043158199999999997
 0.0045768730000000004
 0.0052709339999999997
 0.0058404329999999999
 0.0061341750000000004


# name: Cex4
# type: matrix
# rows: 47
# columns: 1
 0.094974532
 0.114791218
 0.130784014
 0.13685217099999999
 0.15475249899999999
 0.17391219399999999
 0.199517257
 0.22826843899999999
 0.25818395799999999
 0.28805744100000003
 0.31106215700000001
 0.32287695399999999
 0.32064681900000003
 0.30583416400000002
 0.27866569099999999
 0.24380806799999999
 0.205917089
 0.167251388
 0.13230519499999999
 0.101131755
 0.076143379999999997
 0.057951923000000002
 0.045475722000000003
 0.035765011999999999
 0.026033341000000002
 0.017731233999999998
 0.010893923999999999
 0.0065525660000000001
 0.002646598
 0
 0
 0
 0
 0
 0
 0
 0
 0
 0
 0
 0
 0
 0
 0
 0
 0
 0


