# Created by Octave 7.3.0, Sat Oct 07 14:53:36 2023 UTC <jovyan@224710f94f77>
# name: C
# type: scalar
5


# name: Cex
# type: matrix
# rows: 40
# columns: 1
 250
 255
 260
 265
 270
 275
 280
 285
 290
 295
 300
 305
 310
 315
 320
 325
 330
 335
 340
 345
 350
 355
 360
 365
 370
 375
 380
 385
 390
 395
 400
 405
 410
 415
 420
 425
 430
 435
 440
 445


# name: Cem
# type: matrix
# rows: 76
# columns: 1
 300
 304
 308
 312
 316
 320
 324
 328
 332
 336
 340
 344
 348
 352
 356
 360
 364
 368
 372
 376
 380
 384
 388
 392
 396
 400
 404
 408
 412
 416
 420
 424
 428
 432
 436
 440
 444
 448
 452
 456
 460
 464
 468
 472
 476
 480
 484
 488
 492
 496
 500
 504
 508
 512
 516
 520
 524
 528
 532
 536
 540
 544
 548
 552
 556
 560
 564
 568
 572
 576
 580
 584
 588
 592
 596
 600


# name: Cex1
# type: matrix
# rows: 40
# columns: 1
 0.43887440100000003
 0.40955001000000002
 0.37301726000000002
 0.33059501899999999
 0.29091552599999998
 0.25294718799999999
 0.22051703
 0.195708886
 0.17608887300000001
 0.16225501000000001
 0.151673958
 0.14156317099999999
 0.12757318400000001
 0.110317234
 0.092041135999999996
 0.076049158000000006
 0.062269941000000002
 0.053156279000000001
 0.045144628999999999
 0.037263846000000003
 0.030604638999999999
 0.026269480000000001
 0.021462780000000001
 0.016455188999999999
 0.010252588
 0.002695135
 0
 0
 0
 0
 0
 0
 0
 0
 0
 0
 0
 0
 0
 0


# name: Cem1
# type: matrix
# rows: 76
# columns: 1
 0
 0
 0
 0
 0
 0
 0
 0
 0
 0
 4.0899999999999998e-05
 0.0019534550000000002
 0.0042363890000000001
 0.0073039109999999997
 0.011368216
 0.016875556
 0.024347895000000001
 0.032729278000000001
 0.040738796000000001
 0.050465314999999997
 0.062094985999999998
 0.076706358000000002
 0.090332026999999995
 0.103510512
 0.11679028900000001
 0.12949344700000001
 0.14071098000000001
 0.151745988
 0.162845248
 0.172699775
 0.17906432899999999
 0.184358623
 0.188892848
 0.19250008900000001
 0.19489713
 0.19489256599999999
 0.19539910099999999
 0.19454353599999999
 0.192650495
 0.190151662
 0.186970209
 0.18335500199999999
 0.17976003900000001
 0.17548968100000001
 0.170699081
 0.165284548
 0.160024317
 0.154624388
 0.149202222
 0.14374052500000001
 0.138472072
 0.133163058
 0.127924224
 0.12266262999999999
 0.117457689
 0.11222204299999999
 0.107115079
 0.10196670100000001
 0.097162657999999999
 0.092351105000000003
 0.087624416999999996
 0.083438415000000002
 0.079299962000000002
 0.074700376999999998
 0.070140823000000005
 0.065525999000000001
 0.061053537999999997
 0.056770822999999998
 0.052678889
 0.048925967000000001
 0.045158717000000001
 0.041782336000000003
 0.038398005999999998
 0.035233588000000003
 0.032311897999999999
 0.029551890000000001


# name: Cex2
# type: matrix
# rows: 40
# columns: 1
 0.242683761
 0.21670953200000001
 0.18529348200000001
 0.15923811600000001
 0.14035217899999999
 0.130758016
 0.12789286499999999
 0.13249883300000001
 0.13731305899999999
 0.14696725899999999
 0.160314231
 0.177011688
 0.19499978600000001
 0.21221505099999999
 0.22832227199999999
 0.24085620499999999
 0.249282005
 0.25146469700000001
 0.24761192800000001
 0.23804947100000001
 0.22469276899999999
 0.20973445800000001
 0.19317269500000001
 0.17531370700000001
 0.15275409600000001
 0.12950995200000001
 0.105822813
 0.082825967
 0.065803046000000004
 0.048772844000000003
 0.035986137000000001
 0.025174597
 0.017115782
 0.0084323939999999993
 0.001773349
 0
 0
 0
 0
 0


# name: Cem2
# type: matrix
# rows: 76
# columns: 1
 0
 0
 0
 0
 0
 0.0029092599999999999
 0.00091054600000000003
 0
 0
 0
 0
 0
 0
 0
 0
 0
 0
 0.0020867529999999998
 0.013779662999999999
 0.026194210999999998
 0.039889150999999998
 0.055264913999999998
 0.072756177000000005
 0.092653832000000005
 0.11300629199999999
 0.134046516
 0.15520177600000001
 0.17696772
 0.19861061599999999
 0.218551564
 0.228959414
 0.23775138400000001
 0.24323987599999999
 0.246439297
 0.24701928300000001
 0.24428894100000001
 0.24114266500000001
 0.23576520300000001
 0.22795084700000001
 0.21870773600000001
 0.20633649800000001
 0.192704613
 0.178924902
 0.16473632899999999
 0.15079823000000001
 0.13658437700000001
 0.122710056
 0.10957826499999999
 0.097079829000000006
 0.085461959000000004
 0.074835843999999999
 0.065191012000000007
 0.056149824000000001
 0.047914738999999998
 0.040542493999999998
 0.033938718999999999
 0.028040256999999999
 0.022719751
 0.018121396000000001
 0.014025668999999999
 0.010376321000000001
 0.0072562470000000004
 0.0045809329999999997
 0.0024082719999999999
 0.00071461199999999999
 0
 0
 0
 0
 0
 0
 0
 0
 0
 0
 0


# name: Cex3
# type: matrix
# rows: 40
# columns: 1
 0.19758397999999999
 0.20315519400000001
 0.205802438
 0.205195772
 0.20262780399999999
 0.195047365
 0.18363043700000001
 0.17087637899999999
 0.16295359100000001
 0.152583793
 0.14405253600000001
 0.13947886600000001
 0.13959111699999999
 0.14422078999999999
 0.15153145700000001
 0.15940652999999999
 0.166316095
 0.170220909
 0.17279180399999999
 0.174578497
 0.175748811
 0.17570312900000001
 0.17701124500000001
 0.17759714400000001
 0.178191242
 0.17799156699999999
 0.17346769400000001
 0.16683145999999999
 0.15822846300000001
 0.15019637999999999
 0.141572539
 0.13195896900000001
 0.12273178
 0.113985293
 0.10434913799999999
 0.093248902999999994
 0.082313228000000002
 0.071762072999999996
 0.06248803
 0.055025255000000002


# name: Cem3
# type: matrix
# rows: 76
# columns: 1
 0
 0
 0
 0
 7.1400000000000001e-05
 0
 0.00024774200000000001
 0.000201571
 0
 0
 0
 0
 0
 0
 0
 0
 0
 0
 0
 0
 0
 0
 0
 0
 0
 0
 0
 0
 0
 0.0012327690000000001
 0.01107756
 0.020846798999999999
 0.032613822000000001
 0.045299293999999997
 0.058103874
 0.071380801999999993
 0.084903434999999999
 0.098305793000000002
 0.111973265
 0.124880409
 0.13860776899999999
 0.15165129399999999
 0.163819401
 0.17446967999999999
 0.18321736599999999
 0.19049965899999999
 0.19586782699999999
 0.20021319300000001
 0.203018433
 0.20455688699999999
 0.20538598499999999
 0.205420776
 0.204139082
 0.20190645700000001
 0.19891139099999999
 0.1956184
 0.191342968
 0.186712079
 0.18115546099999999
 0.17486858299999999
 0.168497009
 0.161534556
 0.15446860200000001
 0.147650431
 0.14070469899999999
 0.133129942
 0.12521414
 0.11775775400000001
 0.110945713
 0.10428333400000001
 0.097724152999999994
 0.091402515000000004
 0.085554777999999998
 0.080049255
 0.074731244000000002
 0.069697898999999994


# name: Cex4
# type: matrix
# rows: 40
# columns: 1
 0.31449866199999998
 0.25049342600000002
 0.20484048699999999
 0.17606076200000001
 0.164296474
 0.16560803900000001
 0.18087381699999999
 0.20354765499999999
 0.242689186
 0.262411428
 0.27254008800000001
 0.27539669900000002
 0.27191895799999999
 0.26220848000000002
 0.24624486000000001
 0.22561941299999999
 0.19998511899999999
 0.16700399799999999
 0.13252228799999999
 0.102305429
 0.075571600000000003
 0.048084584
 0.026186119000000001
 0.009235409
 0
 0
 0
 0
 0
 0
 0
 0
 0
 0
 0.00020184200000000001
 0
 0
 0
 0
 0


# name: Cem4
# type: matrix
# rows: 76
# columns: 1
 0
 0
 0
 0
 0
 0.00073354900000000001
 0.011332534
 0.027090746999999998
 0.044636200000000001
 0.059450510999999998
 0.077181247999999994
 0.095077448999999994
 0.117627308
 0.14212915500000001
 0.16805667799999999
 0.194566344
 0.22193460400000001
 0.246488967
 0.25880494199999998
 0.26894916000000002
 0.27558897900000001
 0.28039575
 0.279151912
 0.27132641000000002
 0.259656316
 0.24395694300000001
 0.22302082500000001
 0.200629118
 0.17725938099999999
 0.15386792699999999
 0.13268361200000001
 0.110968706
 0.092552660999999994
 0.074999213999999995
 0.058757846000000002
 0.044178077000000003
 0.031321632000000002
 0.020003313000000002
 0.010524082000000001
 0.0029107899999999999
 0
 0
 0
 0
 0
 0
 0
 0
 0
 0
 0
 0
 0
 0
 0
 0
 0
 0
 0
 0
 0
 0
 0
 0
 0
 0
 0
 0
 0
 0
 0
 0
 0
 0
 0
 0


