# Created by Octave 7.3.0, Sat Oct 07 15:02:52 2023 UTC <jovyan@224710f94f77>
# name: C
# type: scalar
4


# name: Cex
# type: matrix
# rows: 41
# columns: 1
 250
 255
 260
 265
 270
 275
 280
 285
 290
 295
 300
 305
 310
 315
 320
 325
 330
 335
 340
 345
 350
 355
 360
 365
 370
 375
 380
 385
 390
 395
 400
 405
 410
 415
 420
 425
 430
 435
 440
 445
 450


# name: Cem
# type: matrix
# rows: 231
# columns: 1
 320
 321
 322
 323
 324
 325
 326
 327
 328
 329
 330
 331
 332
 333
 334
 335
 336
 337
 338
 339
 340
 341
 342
 343
 344
 345
 346
 347
 348
 349
 350
 351
 352
 353
 354
 355
 356
 357
 358
 359
 360
 361
 362
 363
 364
 365
 366
 367
 368
 369
 370
 371
 372
 373
 374
 375
 376
 377
 378
 379
 380
 381
 382
 383
 384
 385
 386
 387
 388
 389
 390
 391
 392
 393
 394
 395
 396
 397
 398
 399
 400
 401
 402
 403
 404
 405
 406
 407
 408
 409
 410
 411
 412
 413
 414
 415
 416
 417
 418
 419
 420
 421
 422
 423
 424
 425
 426
 427
 428
 429
 430
 431
 432
 433
 434
 435
 436
 437
 438
 439
 440
 441
 442
 443
 444
 445
 446
 447
 448
 449
 450
 451
 452
 453
 454
 455
 456
 457
 458
 459
 460
 461
 462
 463
 464
 465
 466
 467
 468
 469
 470
 471
 472
 473
 474
 475
 476
 477
 478
 479
 480
 481
 482
 483
 484
 485
 486
 487
 488
 489
 490
 491
 492
 493
 494
 495
 496
 497
 498
 499
 500
 501
 502
 503
 504
 505
 506
 507
 508
 509
 510
 511
 512
 513
 514
 515
 516
 517
 518
 519
 520
 521
 522
 523
 524
 525
 526
 527
 528
 529
 530
 531
 532
 533
 534
 535
 536
 537
 538
 539
 540
 541
 542
 543
 544
 545
 546
 547
 548
 549
 550


# name: Cex1
# type: matrix
# rows: 41
# columns: 1
 0.46608743200000002
 0.38907883500000001
 0.32761062600000002
 0.27636952100000001
 0.236090785
 0.20750908700000001
 0.18980799300000001
 0.17921706000000001
 0.17271919299999999
 0.168210199
 0.162805795
 0.160597832
 0.16219066100000001
 0.159709247
 0.15563419100000001
 0.145710388
 0.135397394
 0.12678642500000001
 0.116823515
 0.099525407999999996
 0.082258847999999996
 0.065890037999999998
 0.04891144
 0.033694720999999997
 0.019282691000000001
 0.0082750270000000008
 0
 0
 0
 0
 0
 0
 0
 0
 0
 0
 0
 0
 0
 0
 0


# name: Cem1
# type: matrix
# rows: 231
# columns: 1
 0.0035508079999999999
 0.0039229440000000003
 0.0040804969999999998
 0.0035515719999999998
 0.0040218210000000001
 0.0041823950000000002
 0.0033337179999999998
 0.0045909009999999997
 0.0045287770000000003
 0.0045565320000000003
 0.0049712799999999998
 0.0051666580000000002
 0.0056603729999999998
 0.0055289880000000003
 0.0063110170000000004
 0.007397051
 0.0074305889999999996
 0.008531584
 0.0082766890000000003
 0.0087041759999999992
 0.010312091000000001
 0.010778662
 0.012417582999999999
 0.011935110000000001
 0.012065599
 0.014033026000000001
 0.015104958999999999
 0.016210566999999999
 0.015873368999999998
 0.017150836999999999
 0.016964541999999999
 0.018143962
 0.019621054999999998
 0.020115649999999999
 0.020738146999999998
 0.021511720000000002
 0.023187138999999999
 0.02308
 0.023790051
 0.024263597000000001
 0.025512849000000001
 0.026806900000000002
 0.026748843000000001
 0.028587477
 0.027960141000000001
 0.029524430000000001
 0.030168166999999999
 0.031761471999999999
 0.031967374
 0.032240893
 0.033188281
 0.034551538
 0.035106089
 0.036236415000000001
 0.037933303000000002
 0.037309265000000001
 0.038681763000000001
 0.040614604999999998
 0.041199856
 0.041984598999999997
 0.044273815000000001
 0.044695458
 0.045893110000000001
 0.047074828999999999
 0.048177925000000003
 0.048722916999999998
 0.051175374000000003
 0.052684878999999997
 0.053600829000000003
 0.055033116999999999
 0.056394487
 0.056578403999999999
 0.059323286000000003
 0.061287066000000001
 0.061548731000000002
 0.063697158000000004
 0.063839512000000001
 0.066274285000000002
 0.068403070999999996
 0.069388015999999997
 0.072314008999999999
 0.073534433999999996
 0.075439867999999993
 0.076122677
 0.078314665000000006
 0.078420666999999999
 0.080194917000000004
 0.080973981
 0.082651764000000003
 0.083853597000000002
 0.084091962000000006
 0.086737525999999995
 0.087745937999999996
 0.088309018000000003
 0.089995378000000001
 0.090636843999999994
 0.090415403000000005
 0.090644566999999995
 0.091605473000000007
 0.091190095999999998
 0.091749645000000005
 0.092592626999999997
 0.092228161000000003
 0.093026745999999993
 0.094804837000000003
 0.095042759000000004
 0.094771495999999997
 0.094215678999999997
 0.095028421000000002
 0.095234819999999998
 0.094818756000000004
 0.094979063000000002
 0.095794172999999996
 0.094854809999999998
 0.097151710000000002
 0.095678629000000001
 0.095849542999999995
 0.095320460999999995
 0.094259578999999996
 0.096262031999999997
 0.095307010999999997
 0.095676414000000001
 0.095431354999999995
 0.094833682000000002
 0.094367285999999995
 0.095449634000000005
 0.094872737999999998
 0.095304311000000003
 0.094343481000000007
 0.094502258000000006
 0.094967713999999995
 0.094190183999999996
 0.093707061999999994
 0.093095290999999997
 0.092368741000000004
 0.092137794999999995
 0.091583047000000001
 0.091125576999999999
 0.090734054999999994
 0.091035088
 0.090715551000000005
 0.090612240999999996
 0.088836134999999997
 0.088043512000000004
 0.088878316999999998
 0.087516170000000004
 0.087304185000000006
 0.086675147999999994
 0.087355859999999994
 0.085914514999999997
 0.085601871999999996
 0.085568509000000001
 0.084088955000000007
 0.083359735000000004
 0.083557707999999994
 0.083506442
 0.082628583000000005
 0.081240245000000003
 0.081593611999999996
 0.079823983000000001
 0.079515986999999996
 0.079352357999999998
 0.078898335999999999
 0.078373681000000001
 0.077993678999999996
 0.076999231000000001
 0.075758080000000005
 0.075358752000000001
 0.075164102999999996
 0.074818202
 0.073921581
 0.073804435000000002
 0.073374571
 0.072580597999999996
 0.071831308999999996
 0.071667350000000005
 0.070438596000000006
 0.069657548999999999
 0.069038368000000003
 0.068739410000000001
 0.068157462000000002
 0.067943924000000003
 0.066969750999999994
 0.066537627000000002
 0.066300535999999993
 0.065831255000000005
 0.065527590999999996
 0.064607854000000006
 0.063842199000000002
 0.063091258999999997
 0.062150166999999999
 0.062314777000000002
 0.061648260000000003
 0.061076224999999998
 0.060322913999999998
 0.059816943999999997
 0.059316544999999998
 0.058325330000000002
 0.058020249000000003
 0.057371419999999999
 0.056547997000000003
 0.056480941999999999
 0.056191578999999998
 0.055283954000000003
 0.054602989999999997
 0.054315774999999997
 0.053466774000000002
 0.052969579000000003
 0.052060412
 0.051816428999999997
 0.051084319000000003
 0.050679902999999998
 0.049801364000000001
 0.049406627000000002
 0.048766664000000001
 0.048163243000000001
 0.047895287000000002
 0.047106594000000002
 0.046839404000000001
 0.046222713999999998
 0.045569151000000002
 0.044675445000000001
 0.044073096999999999
 0.043691801000000002
 0.042982127000000002
 0.042813700000000003
 0.042024099000000002
 0.041692237
 0.040905862000000001
 0.040494329000000003
 0.039917022000000003


# name: Cex2
# type: matrix
# rows: 41
# columns: 1
 0.198253714
 0.134237786
 0.096790249999999994
 0.079437111000000005
 0.077442621000000003
 0.082097231000000007
 0.096478589000000003
 0.10846805700000001
 0.117152407
 0.124678531
 0.13013685899999999
 0.14247965000000001
 0.16248502200000001
 0.18575311999999999
 0.214436131
 0.24000128400000001
 0.26328757899999999
 0.28641222199999999
 0.30169489700000002
 0.29752260000000003
 0.28772864999999997
 0.27339268799999999
 0.248356835
 0.21455296900000001
 0.172790901
 0.135129416
 0.102022787
 0.072183529999999996
 0.044269216
 0.018884813
 0.001535008
 0
 0
 0
 0
 0
 0
 0
 0
 0
 0


