# Created by Octave 7.3.0, Mon Oct 02 02:35:25 2023 UTC <jovyan@224710f94f77>
# name: C
# type: scalar
4


# name: Cex
# type: matrix
# rows: 68
# columns: 1
 248
 251
 254
 257
 260
 263
 266
 269
 272
 275
 278
 281
 284
 287
 290
 293
 296
 299
 302
 305
 308
 311
 314
 317
 320
 323
 326
 329
 332
 335
 338
 341
 344
 347
 350
 353
 356
 359
 362
 365
 368
 371
 374
 377
 380
 383
 386
 389
 392
 395
 398
 401
 404
 407
 410
 413
 416
 419
 422
 425
 428
 431
 434
 437
 440
 443
 446
 449


# name: Cem
# type: matrix
# rows: 101
# columns: 1
 250
 253
 256
 259
 262
 265
 268
 271
 274
 277
 280
 283
 286
 289
 292
 295
 298
 301
 304
 307
 310
 313
 316
 319
 322
 325
 328
 331
 334
 337
 340
 343
 346
 349
 352
 355
 358
 361
 364
 367
 370
 373
 376
 379
 382
 385
 388
 391
 394
 397
 400
 403
 406
 409
 412
 415
 418
 421
 424
 427
 430
 433
 436
 439
 442
 445
 448
 451
 454
 457
 460
 463
 466
 469
 472
 475
 478
 481
 484
 487
 490
 493
 496
 499
 502
 505
 508
 511
 514
 517
 520
 523
 526
 529
 532
 535
 538
 541
 544
 547
 550


# name: Cex1
# type: matrix
# rows: 68
# columns: 1
 0.085208063000000001
 0.094502768000000001
 0.11227081999999999
 0.13701440200000001
 0.16378653800000001
 0.19606013899999999
 0.22936867699999999
 0.263363285
 0.29323901699999999
 0.31935276200000001
 0.33867762400000001
 0.34626043400000001
 0.33679361000000002
 0.302799443
 0.26054917700000002
 0.20357518699999999
 0.136873196
 0.081790394000000002
 0.044909629
 0.023426273000000001
 0.011499531
 0.0059007039999999997
 0.0034083410000000001
 0.0021605930000000001
 0.0013181709999999999
 0.00057376300000000003
 0
 0
 0
 0
 0
 0
 0
 0
 0
 0
 0
 0
 0
 0
 0
 0
 0
 0
 0
 0
 0
 0
 0
 0
 0
 0
 0
 0
 0
 0
 0
 0
 0
 0
 0
 0
 0
 0
 0
 0
 0
 0


# name: Cem1
# type: matrix
# rows: 101
# columns: 1
 0
 0
 3.2299999999999999e-05
 0.000349019
 0.00052837399999999997
 0.00087648499999999998
 0.001568142
 0.0027762419999999999
 0.003655129
 0.0073709070000000003
 0.012671116
 0.019943124
 0.029259364999999999
 0.041073940000000003
 0.053975212000000002
 0.069021054999999998
 0.086496648999999995
 0.105986449
 0.128155146
 0.15145892399999999
 0.17382972299999999
 0.19661442800000001
 0.219631838
 0.239264538
 0.25398655799999997
 0.26272174700000001
 0.26631266799999997
 0.26560326699999998
 0.261110173
 0.25194096700000002
 0.240778467
 0.226372557
 0.21098583300000001
 0.19504797600000001
 0.17897295999999999
 0.16255320000000001
 0.146922258
 0.132018833
 0.117797757
 0.104071249
 0.092071082999999998
 0.081171698
 0.071174848999999998
 0.062217762000000003
 0.054128017
 0.047064056999999999
 0.040965723000000002
 0.035336795999999997
 0.030629164
 0.026360313
 0.022509973999999999
 0.019718809
 0.017010055
 0.014604262999999999
 0.012732999
 0.010556569
 0.0092440879999999993
 0.0080700540000000001
 0.0071911040000000002
 0.0060795490000000001
 0.0048868569999999997
 0.0044016070000000001
 0.0034391669999999999
 0.0033802440000000001
 0.0026764430000000001
 0.002022837
 0.001919804
 0.0017689800000000001
 0.0017931710000000001
 0.001048853
 0.001212075
 0.00097891100000000006
 0.00057115499999999995
 0.00060771000000000002
 0.00020143099999999999
 0.00030477299999999999
 0.000460619
 0.00024099700000000001
 0.00024280499999999999
 0.00025407199999999999
 0.00052515199999999998
 0.00055899599999999997
 0.00076670500000000001
 0.00099706199999999995
 0.0011598540000000001
 0.001613328
 0.0018676420000000001
 0.0021388359999999999
 0.0026213270000000001
 0.0026650770000000001
 0.003362309
 0.0035106740000000001
 0.0043958909999999999
 0.0044880650000000003
 0.0048298000000000004
 0.0055465849999999997
 0.0053971130000000003
 0.0061015339999999996
 0.0070801379999999997
 0.0076509359999999997
 0.0081193169999999992


# name: Cex2
# type: matrix
# rows: 68
# columns: 1
 0.276668733
 0.26977084000000001
 0.264971703
 0.26103715799999999
 0.25175377599999998
 0.23862271299999999
 0.22718619500000001
 0.211426903
 0.19564176599999999
 0.183209398
 0.16569242000000001
 0.150812012
 0.13545664600000001
 0.121708528
 0.10897303
 0.097236543999999994
 0.089535956999999999
 0.082697044999999997
 0.077997742999999994
 0.075699049000000004
 0.075432777000000006
 0.076225272999999996
 0.078441558999999994
 0.081409607999999994
 0.085431868999999994
 0.089791505999999993
 0.095091602999999997
 0.100465261
 0.10640933900000001
 0.11108699900000001
 0.115242645
 0.11773431400000001
 0.11839735699999999
 0.118084123
 0.116926317
 0.11502422499999999
 0.11228592
 0.108524414
 0.10516363500000001
 0.10091612799999999
 0.096720886000000006
 0.092107185999999994
 0.087182385000000001
 0.083133048000000001
 0.078320812000000004
 0.074261479000000005
 0.069985844000000005
 0.066134034999999994
 0.062893394000000005
 0.058245004000000003
 0.054940986999999997
 0.051665197000000003
 0.048502788999999998
 0.045554703000000002
 0.042320613
 0.039288478000000002
 0.037110516000000003
 0.034644175999999999
 0.032298486000000001
 0.029793837
 0.027740694999999999
 0.025951262999999999
 0.023681147999999999
 0.02220188
 0.020457373000000001
 0.018986589000000002
 0.017491011000000001
 0.015983671000000001


# name: Cem2
# type: matrix
# rows: 101
# columns: 1
 0.0010201780000000001
 0.0024447929999999998
 0.0038466070000000002
 0.0058351159999999996
 0.0083844239999999997
 0.01089128
 0.012997398
 0.014938727000000001
 0.018436859
 0.018746202
 0.018613989000000001
 0.017766244
 0.017833476000000001
 0.014539038000000001
 0.015286674
 0.013984244
 0.013755866
 0.014542779
 0.013864338
 0.014596173
 0.013568321
 0.013545033999999999
 0.011925857
 0.0096586250000000005
 0.0076693839999999996
 0.0068500799999999997
 0.003868448
 0
 0
 0
 0
 0
 0
 0
 0
 0
 0.0047202559999999999
 0.0089590329999999999
 0.014489077
 0.020654552999999999
 0.026071527000000001
 0.032790839000000002
 0.038808121000000001
 0.045571900999999998
 0.052000828999999998
 0.057488786
 0.063821154000000005
 0.069027592999999998
 0.074477588999999997
 0.079780622999999995
 0.085386798999999999
 0.089087913000000005
 0.093693053999999998
 0.098499106000000003
 0.10281362600000001
 0.108952543
 0.113336334
 0.118856246
 0.12245681899999999
 0.127598923
 0.133566088
 0.13676933799999999
 0.14141947499999999
 0.14439299
 0.14826941699999999
 0.15177436499999999
 0.154096279
 0.15557569900000001
 0.15821831
 0.16117804299999999
 0.162240896
 0.16326515599999999
 0.16553188399999999
 0.165039248
 0.16743301099999999
 0.166733674
 0.16640089799999999
 0.165186212
 0.162873242
 0.16030482600000001
 0.15709278300000001
 0.15309952399999999
 0.15153839799999999
 0.148766696
 0.146384545
 0.143136861
 0.14074679600000001
 0.13739628500000001
 0.135497757
 0.132276069
 0.12933097099999999
 0.12638877800000001
 0.123245782
 0.12029263799999999
 0.118552424
 0.115256912
 0.11309985
 0.108869122
 0.10553639400000001
 0.103464816
 0.101985753


# name: Cex3
# type: matrix
# rows: 68
# columns: 1
 0.153639937
 0.13534858799999999
 0.117340715
 0.100396076
 0.087803215000000004
 0.078272666000000005
 0.071717431999999998
 0.070669089000000004
 0.075685034999999998
 0.084695239000000005
 0.101112512
 0.11918835699999999
 0.14094316000000001
 0.16390856500000001
 0.18710502800000001
 0.21023978500000001
 0.23028217400000001
 0.24779638600000001
 0.26262774300000002
 0.27133781299999998
 0.27409200500000003
 0.27265003100000001
 0.264186003
 0.25000503299999999
 0.23051484999999999
 0.209029775
 0.18435858699999999
 0.15858619199999999
 0.13297140499999999
 0.109978797
 0.089122377000000003
 0.071735810999999997
 0.057234558999999997
 0.045444752999999997
 0.036520757000000001
 0.029661297999999999
 0.023976234999999999
 0.019686714000000001
 0.016105793
 0.013485509999999999
 0.011213222
 0.0093974490000000004
 0.0078449239999999996
 0.006578118
 0.0055569970000000002
 0.0045545960000000002
 0.003805564
 0.002794871
 0.001807639
 0.0014736129999999999
 0.00081031600000000005
 0.000159412
 0
 0
 0
 0
 0
 0
 0
 0
 0
 0
 0
 0
 0
 0
 0
 0


