# Created by Octave 7.3.0, Sun Oct 29 23:08:41 2023 UTC <jovyan@224710f94f77>
# name: C
# type: scalar
5


# name: Cex
# type: matrix
# rows: 31
# columns: 1
 250
 255
 260
 265
 270
 275
 280
 285
 290
 295
 300
 305
 310
 315
 320
 325
 330
 335
 340
 345
 350
 355
 360
 365
 370
 375
 380
 385
 390
 395
 400


# name: Cem
# type: matrix
# rows: 111
# columns: 1
 280
 282
 284
 286
 288
 290
 292
 294
 296
 298
 300
 302
 304
 306
 308
 310
 312
 314
 316
 318
 320
 322
 324
 326
 328
 330
 332
 334
 336
 338
 340
 342
 344
 346
 348
 350
 352
 354
 356
 358
 360
 362
 364
 366
 368
 370
 372
 374
 376
 378
 380
 382
 384
 386
 388
 390
 392
 394
 396
 398
 400
 402
 404
 406
 408
 410
 412
 414
 416
 418
 420
 422
 424
 426
 428
 430
 432
 434
 436
 438
 440
 442
 444
 446
 448
 450
 452
 454
 456
 458
 460
 462
 464
 466
 468
 470
 472
 474
 476
 478
 480
 482
 484
 486
 488
 490
 492
 494
 496
 498
 500


# name: Cex1
# type: matrix
# rows: 31
# columns: 1
 0.37925248299999997
 0.30680946799999997
 0.25701271199999998
 0.235119525
 0.19297334799999999
 0.181247357
 0.173666287
 0.19159390700000001
 0.21473877599999999
 0.23149381999999999
 0.25995989800000002
 0.25983609200000002
 0.25026466000000003
 0.24119057999999999
 0.21794187900000001
 0.19112083099999999
 0.16431789099999999
 0.133079911
 0.102446176
 0.073115351999999995
 0.050114051999999999
 0.029268233000000001
 0.013273846000000001
 0.0042550009999999996
 0
 0
 0
 0
 0
 0
 0


# name: Cem1
# type: matrix
# rows: 111
# columns: 1
 0
 0
 0
 0
 0
 0
 0
 0
 0
 0
 0
 0
 0
 0
 0
 0
 0
 0
 0
 0
 0
 0
 0
 0
 0.0034023299999999999
 0.0058915460000000001
 0.011313558
 0.016197320000000001
 0.022812227000000001
 0.027875833999999999
 0.034056495999999999
 0.041644573999999997
 0.048307612999999999
 0.055071676
 0.062512380000000006
 0.069552396000000002
 0.077351778999999996
 0.085835828000000003
 0.094455379000000006
 0.104078877
 0.11213825400000001
 0.120833631
 0.12665668899999999
 0.13089795300000001
 0.137564083
 0.14295419700000001
 0.14785556699999999
 0.15169779899999999
 0.15487183199999999
 0.160363955
 0.16239083100000001
 0.165248282
 0.16767080400000001
 0.16949956899999999
 0.171009308
 0.171588241
 0.16932246200000001
 0.16830488499999999
 0.165814609
 0.163846504
 0.1609419
 0.15692536300000001
 0.15386309500000001
 0.15018916500000001
 0.14723487699999999
 0.14473513599999999
 0.142430905
 0.138147241
 0.13529970999999999
 0.13168828199999999
 0.128888166
 0.12451998
 0.119448242
 0.11409193099999999
 0.110725093
 0.10769026499999999
 0.105609497
 0.102436076
 0.100128839
 0.097603172000000002
 0.095562224000000001
 0.092946973000000002
 0.090794914000000004
 0.088292046999999999
 0.085895015000000005
 0.084149360000000006
 0.082008348999999994
 0.080287929999999993
 0.076692618000000004
 0.074763832000000002
 0.072627872999999996
 0.070535325999999995
 0.069267324000000005
 0.065586881999999999
 0.063817336000000002
 0.062622161999999995
 0.059551188999999997
 0.057494648000000002
 0.056435507000000003
 0.054629454000000001
 0.053150441
 0.051554902
 0.051206590000000003
 0.04813986
 0.045711702
 0.044163176999999998
 0.041852593
 0.040499772000000003
 0.037299894
 0.033579411000000003
 0.028458026000000001


# name: Cex2
# type: matrix
# rows: 31
# columns: 1
 0.379271953
 0.35282575700000002
 0.28121116200000001
 0.22767491000000001
 0.14990762199999999
 0.115707061
 0.083885125000000005
 0.082834507000000002
 0.096114162000000003
 0.11039666200000001
 0.12845171599999999
 0.127130249
 0.120500411
 0.119981514
 0.11686838200000001
 0.117213944
 0.12470914499999999
 0.13256696700000001
 0.14517759499999999
 0.158117442
 0.172590513
 0.17878881899999999
 0.18782275100000001
 0.20525241299999999
 0.19624239499999999
 0.19184649300000001
 0.195035185
 0.183770191
 0.17407555899999999
 0.16214181599999999
 0.13605306


# name: Cem2
# type: matrix
# rows: 111
# columns: 1
 0.0056309580000000001
 0.0033902390000000002
 0.0022952599999999999
 0.0010648109999999999
 0
 0
 0
 0
 0
 0
 0
 0
 0
 0
 0
 0
 0
 0
 0
 0
 0
 0
 0
 0
 0
 0
 0
 0
 0
 0
 0
 0
 0
 0
 0
 0
 0
 0
 0
 0
 0
 0
 0
 0
 0
 0
 0
 0
 0
 0
 0
 0
 0
 0
 0
 0.0013692190000000001
 0.0051297620000000004
 0.0096664360000000005
 0.014726301000000001
 0.020177941000000001
 0.025938208000000001
 0.030561074000000001
 0.037505386000000002
 0.044502845999999999
 0.050571828999999999
 0.055412323999999999
 0.061132948999999999
 0.067129456000000004
 0.073327274999999997
 0.079631794000000006
 0.085999492999999996
 0.092297958999999999
 0.098854258
 0.106067472
 0.11261671500000001
 0.118262327
 0.124279849
 0.12941873400000001
 0.13470152699999999
 0.139918771
 0.14517469099999999
 0.14993804099999999
 0.15556864400000001
 0.159535379
 0.16470005700000001
 0.16717404899999999
 0.16953584399999999
 0.17236692300000001
 0.17409175099999999
 0.17466488599999999
 0.177076663
 0.177868321
 0.17806327899999999
 0.17761391400000001
 0.17809518499999999
 0.17805837999999999
 0.17694411600000001
 0.17476605200000001
 0.17304977399999999
 0.17155610600000001
 0.169028131
 0.167569579
 0.16487278399999999
 0.161251541
 0.158090171
 0.15313370500000001
 0.15011861000000001
 0.14591090400000001
 0.14115607499999999
 0.135049946
 0.12798732400000001


# name: Cex3
# type: matrix
# rows: 31
# columns: 1
 0.16898138800000001
 0.101563511
 0.059887068000000002
 0.050797716
 0.055378347000000001
 0.077847783000000004
 0.098902570999999995
 0.121126969
 0.13161877499999999
 0.13183864200000001
 0.13005714099999999
 0.134573213
 0.147407028
 0.17079883900000001
 0.19415371200000001
 0.22302055700000001
 0.25434477799999999
 0.28348765399999998
 0.30467327500000002
 0.315467885
 0.31355238000000002
 0.29243864800000002
 0.26542031999999999
 0.23419485200000001
 0.18967272800000001
 0.13874659
 0.092734433000000005
 0.050762698000000002
 0.019552548999999999
 0
 0


# name: Cem3
# type: matrix
# rows: 111
# columns: 1
 0
 0
 0
 0
 0
 0
 0
 0
 0
 0
 0
 0
 0
 0
 0
 0
 0
 0
 0
 0
 0
 0
 0
 0
 0
 0
 0
 0
 0
 0
 0
 0
 0
 0
 0
 0
 0
 0
 0
 0
 0.0023606719999999999
 0.0048180710000000002
 0.0074237299999999999
 0.011041845999999999
 0.013858298
 0.017226089
 0.021059939
 0.025599265999999999
 0.031090034999999999
 0.036295583999999999
 0.042012828000000002
 0.048741908
 0.055845642000000001
 0.063654316000000002
 0.072431639000000006
 0.082003947999999993
 0.089834892999999999
 0.099008982999999995
 0.108256406
 0.116896868
 0.126426708
 0.135854957
 0.14387846400000001
 0.15180127600000001
 0.15640396000000001
 0.16252750499999999
 0.16565447999999999
 0.16863534999999999
 0.17196112999999999
 0.17480226700000001
 0.17763695800000001
 0.180979257
 0.18219814000000001
 0.18351836199999999
 0.183564953
 0.18219048500000001
 0.17987900600000001
 0.17714953999999999
 0.17465038099999999
 0.17240514700000001
 0.167520537
 0.16328768099999999
 0.15824738499999999
 0.15333833299999999
 0.148063484
 0.14379571699999999
 0.13947890600000001
 0.134451135
 0.12977402499999999
 0.12607426899999999
 0.121358562
 0.1159554
 0.11078099700000001
 0.106671525
 0.100114024
 0.096245925999999996
 0.091867903000000001
 0.08826407
 0.084286433999999993
 0.079824138000000003
 0.076391021000000003
 0.072758132000000003
 0.068518725000000003
 0.066236666999999999
 0.064243531000000006
 0.062125824000000003
 0.060557526
 0.058801601000000002
 0.056943697000000001
 0.057012432000000002
 0.059120208


# name: Cex4
# type: matrix
# rows: 31
# columns: 1
 0.26267434299999998
 0.199606805
 0.195220474
 0.22309675100000001
 0.25126085999999997
 0.29699310200000001
 0.326853369
 0.35303978699999999
 0.35350268800000001
 0.324612544
 0.28817144099999997
 0.237767478
 0.17338052800000001
 0.11983281799999999
 0.071836707999999999
 0.029778467999999999
 0.0093189540000000008
 0
 0
 0
 0
 0
 0
 0
 0
 0
 0
 0
 0
 0.00048912999999999995
 0.00055666199999999998


