# Created by Octave 7.3.0, Sun Sep 17 19:25:16 2023 UTC <jovyan@224710f94f77>
# name: C
# type: scalar
5


# name: Cex
# type: matrix
# rows: 55
# columns: 1
 230
 235
 240
 245
 250
 255
 260
 265
 270
 275
 280
 285
 290
 295
 300
 305
 310
 315
 320
 325
 330
 335
 340
 345
 350
 355
 360
 365
 370
 375
 380
 385
 390
 395
 400
 405
 410
 415
 420
 425
 430
 435
 440
 445
 450
 455
 460
 465
 470
 475
 480
 485
 490
 495
 500


# name: Cem
# type: matrix
# rows: 117
# columns: 1
 234
 236
 238
 241
 243
 245
 247
 250
 252
 254
 256
 259
 261
 263
 265
 268
 270
 272
 274
 277
 279
 281
 283
 286
 288
 290
 292
 295
 297
 299
 301
 304
 306
 308
 310
 313
 315
 317
 320
 322
 324
 326
 329
 331
 333
 336
 338
 340
 342
 345
 347
 349
 351
 354
 356
 358
 361
 363
 365
 368
 370
 372
 374
 377
 379
 381
 384
 386
 388
 390
 393
 395
 397
 400
 402
 404
 407
 409
 411
 413
 416
 418
 420
 423
 425
 427
 430
 432
 434
 437
 439
 441
 444
 446
 448
 450
 453
 455
 457
 460
 462
 464
 467
 469
 471
 474
 476
 478
 481
 483
 485
 488
 490
 492
 495
 497
 499


# name: Cex1
# type: matrix
# rows: 55
# columns: 1
 0.35779038000000002
 0.32176258000000002
 0.2946049
 0.27709571
 0.26730790999999998
 0.25652053000000002
 0.23909010999999999
 0.21484348
 0.1862009
 0.15932524000000001
 0.14037609000000001
 0.13033891
 0.12639851999999999
 0.12709872999999999
 0.13175912000000001
 0.13837965999999999
 0.14334640000000001
 0.14452319
 0.14254969000000001
 0.14004949
 0.13772639
 0.13456056
 0.12864924
 0.1209408
 0.1128503
 0.10426998
 0.094102179999999994
 0.082051200000000005
 0.066832829999999996
 0.05235422
 0.03950182
 0.02893979
 0.018675819999999999
 0.010820140000000001
 0.0050425399999999999
 8.119e-05
 0
 0
 0
 0
 0
 0
 0
 0
 0
 0
 0
 0
 0
 0
 0
 0
 0
 0
 0


# name: Cem1
# type: matrix
# rows: 117
# columns: 1
 0
 7.9560000000000004e-05
 0
 0
 0.00014276
 0.0021262400000000002
 0
 0
 0
 0
 0
 0
 0
 0
 0
 0
 0
 0
 0
 0
 0
 0
 0
 0
 0
 0
 0
 0
 0
 0
 0
 0
 0.00023557999999999999
 0.00018298000000000001
 0.0012432700000000001
 0.0020757599999999998
 0.00218279
 0.0022680399999999998
 0.0029343899999999998
 0.0045447600000000001
 0.0018750399999999999
 0.0055769799999999996
 0.0045855399999999999
 0.0056909400000000002
 0.00850945
 0.0057609599999999999
 0.0054351699999999996
 0.0044025499999999999
 0.0059293699999999998
 0.0038776000000000001
 0
 7.483e-05
 0
 0
 0
 0
 0
 0
 0
 0
 0.00253952
 0.0034668099999999999
 0.0085154500000000008
 0.01024711
 0.01569158
 0.022351220000000002
 0.027921519999999998
 0.033456310000000003
 0.040430929999999997
 0.047574699999999998
 0.053769039999999997
 0.060020900000000002
 0.067410709999999999
 0.075395329999999997
 0.082113790000000006
 0.091134309999999996
 0.098530290000000006
 0.10655025999999999
 0.11323308
 0.12029500999999999
 0.12660689999999999
 0.13232661000000001
 0.13883952999999999
 0.14491108999999999
 0.15104949000000001
 0.15567038
 0.15883692999999999
 0.16397123
 0.16875254000000001
 0.17282929
 0.17644719
 0.1773864
 0.17881072000000001
 0.18100374999999999
 0.17973724999999999
 0.17914050000000001
 0.17953474999999999
 0.17847957
 0.17690006
 0.17465021999999999
 0.17254839999999999
 0.16963144999999999
 0.16667034
 0.16275651999999999
 0.15972810000000001
 0.15608620000000001
 0.15194856000000001
 0.14820533999999999
 0.14503457
 0.14160569000000001
 0.13851870999999999
 0.13549913
 0.13261099000000001
 0.12800333
 0.12452467
 0.12048692
 0.1160894


# name: Cex2
# type: matrix
# rows: 55
# columns: 1
 0.33578387999999998
 0.32592421999999999
 0.31626579999999999
 0.30480511999999998
 0.28464004999999998
 0.25697052999999997
 0.22365136999999999
 0.1933327
 0.17123975
 0.15912477999999999
 0.15665082
 0.16128331000000001
 0.17126082000000001
 0.18089654999999999
 0.18809492
 0.18730733999999999
 0.17728145000000001
 0.16139993999999999
 0.14090507999999999
 0.12048158
 0.098911860000000004
 0.07887044
 0.063515909999999995
 0.048940060000000001
 0.033836270000000002
 0.019449459999999998
 0.0082546100000000008
 9.1749999999999994e-05
 0
 0
 0
 0
 0.0023818899999999998
 0.00297066
 0.0031814600000000001
 0.0034784899999999999
 0.0030650600000000001
 0.00216394
 0.0013816499999999999
 0.0011971799999999999
 0.00056174999999999997
 0.00012411
 0
 0
 0
 0
 0
 0
 0
 0
 0
 0
 0
 0
 0


# name: Cem2
# type: matrix
# rows: 117
# columns: 1
 0
 0.00027034999999999998
 0
 0
 0
 0
 0
 0
 0
 0
 0.00067743000000000002
 0.00050880999999999995
 0.00141059
 0.0027823700000000002
 0.0073382500000000002
 0.0057062800000000002
 0.00624933
 0.0103357
 0.0077295899999999997
 0.0125351
 0.005561
 0.0097325299999999997
 0.0090857500000000001
 0.0088750500000000006
 0.0074107699999999997
 0.0044690199999999998
 0.0054979599999999997
 0.0045255800000000004
 0.00208224
 0.0026241599999999999
 0.0021511799999999999
 0.0037290100000000001
 0.0022422900000000001
 0.00279985
 0
 0
 0
 0
 0
 0
 0.0043767700000000003
 0
 0.0044255299999999996
 0.0057189399999999996
 0.0054092200000000002
 0.01133579
 0.017043059999999999
 0.02309804
 0.025510290000000001
 0.0351664
 0.049426089999999999
 0.05688025
 0.065586149999999996
 0.074151960000000003
 0.083908529999999995
 0.09135915
 0.10390073
 0.11502208999999999
 0.12675239999999999
 0.13750999999999999
 0.14619865000000001
 0.15855570999999999
 0.16810146000000001
 0.17611284999999999
 0.1828796
 0.190854
 0.19741142
 0.20408514
 0.20638641999999999
 0.20659155000000001
 0.20877672999999999
 0.20623561000000001
 0.20398696999999999
 0.19527499000000001
 0.19479887000000001
 0.19256056999999999
 0.18955855999999999
 0.18514228999999999
 0.17858526
 0.17285041000000001
 0.16608925999999999
 0.15706787999999999
 0.14820855999999999
 0.14039776000000001
 0.13093397000000001
 0.1214303
 0.11268288999999999
 0.10416085
 0.095059989999999997
 0.08676731
 0.078618709999999994
 0.071347099999999997
 0.063983300000000007
 0.053762669999999999
 0.048222750000000002
 0.041163619999999998
 0.03479471
 0.029456980000000001
 0.0242548
 0.019385779999999998
 0.01586678
 0.01221557
 0.0090504499999999998
 0.0071693299999999998
 0.0047067100000000002
 0.00281066
 0.0047437599999999996
 0.0025129499999999999
 0.0018747799999999999
 0.00139488
 0.00117618
 0.00066777000000000004
 0
 0.00050865000000000003
 6.9919999999999995e-05
 0
 0


# name: Cex3
# type: matrix
# rows: 55
# columns: 1
 0.1080873
 0.14581538999999999
 0.18631733
 0.22002263999999999
 0.22551497000000001
 0.22616136000000001
 0.23072508
 0.23920236
 0.24736475999999999
 0.24267653
 0.22608734999999999
 0.20278487000000001
 0.17772014
 0.15040157000000001
 0.1232993
 0.09646209
 0.075597600000000001
 0.064725779999999997
 0.060839190000000001
 0.059478870000000003
 0.0593898
 0.062882889999999997
 0.071013430000000002
 0.079923400000000006
 0.088182319999999995
 0.097675739999999997
 0.10986925
 0.12464696
 0.14710930999999999
 0.16434546
 0.17461671000000001
 0.17893010000000001
 0.18120479
 0.17815837000000001
 0.17162472000000001
 0.16288494000000001
 0.14121991
 0.11690472
 0.096955830000000007
 0.084963250000000004
 0.074696440000000003
 0.063811049999999994
 0.052911960000000001
 0.043038479999999997
 0.035385689999999997
 0.02828019
 0.02232634
 0.017569230000000002
 0.01342411
 0.010091569999999999
 0.0065981199999999999
 0.0040358900000000003
 0.00187401
 0.0015922200000000001
 0.0015879399999999999


