# Created by Octave 7.3.0, Sun Oct 29 23:04:47 2023 UTC <jovyan@224710f94f77>
# name: C
# type: scalar
5


# name: Cex
# type: matrix
# rows: 29
# columns: 1
 260
 265
 270
 275
 280
 285
 290
 295
 300
 305
 310
 315
 320
 325
 330
 335
 340
 345
 350
 355
 360
 365
 370
 375
 380
 385
 390
 395
 400


# name: Cem
# type: matrix
# rows: 37
# columns: 1
 320
 325
 330
 335
 340
 345
 350
 355
 360
 365
 370
 375
 380
 385
 390
 395
 400
 405
 410
 415
 420
 425
 430
 435
 440
 445
 450
 455
 460
 465
 470
 475
 480
 485
 490
 495
 500


# name: Cex1
# type: matrix
# rows: 29
# columns: 1
 0.51241621800000003
 0.46228896000000003
 0.38372579200000001
 0.31310873299999997
 0.25644069200000003
 0.21212803599999999
 0.17727795599999999
 0.13589800599999999
 0.109554912
 0.110609333
 0.11351197
 0.115905789
 0.120393321
 0.115386406
 0.104978536
 0.100346588
 0.079387711999999999
 0.064092015000000002
 0.050301879000000001
 0.027896398999999999
 0.0089598679999999993
 0.0034858279999999998
 0
 0
 0
 0
 0
 0
 0


# name: Cem1
# type: matrix
# rows: 37
# columns: 1
 0.057040032999999997
 0.043099638000000003
 0.015478069000000001
 0.001505426
 0
 0
 0
 0
 0.010125013
 0.023576881000000001
 0.040305583999999998
 0.061404851000000003
 0.082790903999999998
 0.103104761
 0.12555928099999999
 0.14233029799999999
 0.16521735100000001
 0.18157600600000001
 0.19854295599999999
 0.206295541
 0.21478439899999999
 0.22156646099999999
 0.225299787
 0.23016024299999999
 0.23087909700000001
 0.23122457399999999
 0.22911598999999999
 0.22816060699999999
 0.22420031000000001
 0.21996681300000001
 0.213702638
 0.212296823
 0.20736078099999999
 0.20057813999999999
 0.195506297
 0.192397768
 0.186287495


# name: Cex2
# type: matrix
# rows: 29
# columns: 1
 0.21910379299999999
 0.209808629
 0.21647620100000001
 0.215298091
 0.20594583499999999
 0.19556353300000001
 0.18533226
 0.18604315499999999
 0.184636878
 0.173139349
 0.163381204
 0.156734228
 0.152488659
 0.15083913700000001
 0.16493727
 0.16209853299999999
 0.182691416
 0.18938964999999999
 0.19433402599999999
 0.20399974500000001
 0.211001562
 0.213820661
 0.22331018899999999
 0.20603597900000001
 0.186846758
 0.169320153
 0.15075476600000001
 0.13579021799999999
 0.11997849200000001


# name: Cem2
# type: matrix
# rows: 37
# columns: 1
 0
 0
 4.0299999999999997e-05
 0
 0
 0
 0
 0
 0
 0
 0
 0
 0.0039655269999999999
 0.011329363
 0.019202199
 0.031076033999999999
 0.043473164000000002
 0.055183006999999999
 0.069274257000000006
 0.086737410000000001
 0.105815679
 0.129141003
 0.154351091
 0.18081024200000001
 0.20656032599999999
 0.22916515300000001
 0.248406552
 0.26317522700000001
 0.27291876700000001
 0.28064559
 0.281922752
 0.28371553300000002
 0.28144402400000001
 0.27474991399999998
 0.268727824
 0.260409797
 0.250548561


# name: Cex3
# type: matrix
# rows: 29
# columns: 1
 0.092389395999999999
 0.021866284999999999
 0
 0
 0
 0.0084057709999999994
 0.060542076
 0.16944481
 0.24466591100000001
 0.26655166299999999
 0.28097928900000002
 0.28861538399999997
 0.28829113000000001
 0.28596631700000003
 0.28478051599999998
 0.27381530500000001
 0.26948982199999999
 0.26104623700000001
 0.23176395999999999
 0.216637424
 0.214342537
 0.17223340100000001
 0.081312543000000001
 0.055153504999999999
 0.035424773
 0.019426123
 0
 0
 0


# name: Cem3
# type: matrix
# rows: 37
# columns: 1
 0.081800500999999998
 0.099729913000000003
 0.11828849800000001
 0.135088929
 0.14868876
 0.16231379700000001
 0.175725981
 0.18903994099999999
 0.200260786
 0.20980960200000001
 0.21972303500000001
 0.22893919700000001
 0.23492232199999999
 0.23965541100000001
 0.243634451
 0.244075505
 0.241567852
 0.23784797799999999
 0.23044652299999999
 0.221395761
 0.20933185300000001
 0.19400963700000001
 0.17821826900000001
 0.15866397600000001
 0.14134302200000001
 0.12222052899999999
 0.103666118
 0.085949186999999996
 0.068841797999999996
 0.053771033000000003
 0.041128645999999998
 0.031416370999999998
 0.021707560000000001
 0.016296432
 0.010686242
 0.0052861330000000002
 0.00062332900000000005


# name: Cex4
# type: matrix
# rows: 29
# columns: 1
 0.34244027399999999
 0.40024232500000001
 0.434819552
 0.43788487700000001
 0.39116162599999998
 0.315624558
 0.232933011
 0.12581817300000001
 0.052036803999999999
 0.021615987999999999
 0
 0
 0
 0
 0
 0.0039320190000000001
 0.016998137
 0.021508557000000001
 0.024837666000000001
 0.0026341350000000001
 0
 0
 0
 0
 0
 0
 0
 0.001227753
 0.00033345800000000002


# name: Cem4
# type: matrix
# rows: 37
# columns: 1
 0.39225438699999998
 0.38988432099999998
 0.36601741399999999
 0.346210301
 0.31621870699999999
 0.2862558
 0.263861911
 0.23638510099999999
 0.208221507
 0.17878940300000001
 0.14951099500000001
 0.12218812799999999
 0.097614542999999998
 0.075994871000000006
 0.053328067999999999
 0.037101575999999997
 0.022212731999999999
 0.012723369
 0.0073884930000000003
 0.0028187749999999999
 0.0033671310000000002
 2.51e-05
 0
 0
 0
 0
 0
 0
 0
 0
 0
 0
 0
 0
 0
 0
 0


# name: Cex5
# type: matrix
# rows: 29
# columns: 1
 0.24665569100000001
 0.29123399100000003
 0.31339647300000001
 0.33628565999999999
 0.39042828800000001
 0.43156771599999999
 0.39461733599999999
 0.26720237099999999
 0.17551631000000001
 0.140742857
 0.10904380299999999
 0.076948682000000004
 0.058498691999999998
 0.037683728999999999
 0.007154812
 0.014050926
 0.0037796409999999998
 0.0040657380000000002
 0.013754437
 0.013185048
 0
 0
 0
 0
 0
 0
 0
 0
 0


# name: Cem5
# type: matrix
# rows: 37
# columns: 1
 0
 0.0075538130000000004
 0.059008770000000002
 0.092464560000000001
 0.11527003
 0.136564819
 0.157885472
 0.183796185
 0.197226348
 0.216689196
 0.23033105200000001
 0.246447636
 0.25717659500000001
 0.265438707
 0.27537574399999998
 0.27654706099999998
 0.268823162
 0.26036403400000002
 0.24258891799999999
 0.224892012
 0.20157060399999999
 0.180159185
 0.15732337299999999
 0.13508506100000001
 0.116659782
 0.094843419999999998
 0.079547230999999996
 0.064954303000000005
 0.052557213999999998
 0.043736557000000002
 0.037420198000000002
 0.031226396
 0.025031049
 0.026111427999999999
 0.025300706999999999
 0.021002611000000001
 0.023598315000000002


