# Created by Octave 7.3.0, Sat Oct 14 02:55:56 2023 UTC <jovyan@224710f94f77>
# name: C
# type: scalar
3


# name: Cex
# type: matrix
# rows: 33
# columns: 1
 240
 245
 250
 255
 260
 265
 270
 275
 280
 285
 290
 295
 300
 305
 310
 315
 320
 325
 330
 335
 340
 345
 350
 355
 360
 365
 370
 375
 380
 385
 390
 395
 400


# name: Cem
# type: matrix
# rows: 101
# columns: 1
 300
 302
 304
 306
 308
 310
 312
 314
 316
 318
 320
 322
 324
 326
 328
 330
 332
 334
 336
 338
 340
 342
 344
 346
 348
 350
 352
 354
 356
 358
 360
 362
 364
 366
 368
 370
 372
 374
 376
 378
 380
 382
 384
 386
 388
 390
 392
 394
 396
 398
 400
 402
 404
 406
 408
 410
 412
 414
 416
 418
 420
 422
 424
 426
 428
 430
 432
 434
 436
 438
 440
 442
 444
 446
 448
 450
 452
 454
 456
 458
 460
 462
 464
 466
 468
 470
 472
 474
 476
 478
 480
 482
 484
 486
 488
 490
 492
 494
 496
 498
 500


# name: Cex1
# type: matrix
# rows: 33
# columns: 1
 0.51450660000000004
 0.54511827000000002
 0.52188520999999999
 0.34978769999999998
 0.20260644999999999
 0.035681119999999997
 0
 0
 0.0063792800000000002
 0.0036505600000000002
 0.018417929999999999
 0.010990059999999999
 0.0054633299999999997
 0.0017627599999999999
 0.00208589
 0.0081040499999999998
 0.0088422299999999995
 0.0063908599999999999
 0.0086939200000000008
 0.0070886899999999999
 0.0073005700000000001
 0.0062113000000000003
 0.00593809
 0.00419938
 0.0033612400000000001
 0.0047018800000000003
 0.0054219799999999999
 0.00388697
 0.00235089
 0.00089335
 0
 0
 0.00017992999999999999


# name: Cem1
# type: matrix
# rows: 101
# columns: 1
 0.32077180999999999
 0.34251944000000001
 0.34221172999999999
 0.3328836
 0.31056104000000001
 0.28382305000000002
 0.27358206000000002
 0.25017735000000002
 0.23409648999999999
 0.20990302999999999
 0.18500236
 0.16920752
 0.14484664
 0.12764908999999999
 0.11480592000000001
 0.093168710000000002
 0.080805199999999994
 0.065438540000000003
 0.046673279999999998
 0.038007569999999997
 0.031483829999999997
 0.023700869999999999
 0.018618470000000002
 0.010821020000000001
 0.0078995899999999997
 0.0039219499999999996
 0.0028523200000000002
 0
 0.00064647000000000001
 0
 0
 0
 0
 0
 0
 0
 0
 0
 0
 0
 0
 0
 0
 0
 0
 0
 0
 0
 0
 0
 0
 0
 0
 0
 0
 0
 0
 0
 0
 0
 0
 0.0015836100000000001
 0.00044671000000000001
 0
 0
 0.00084212999999999996
 0.00142727
 0
 0
 0.00071745000000000001
 0.00048899000000000002
 0
 6.7929999999999995e-05
 0.00052895000000000004
 2.5399999999999998e-06
 0.00030101999999999999
 0.00047313999999999999
 0.0030989400000000001
 0.00079573999999999997
 0.00081877999999999996
 0.00391268
 0.00125708
 0
 0
 0
 0
 0
 0
 0
 0
 0
 0
 0
 0
 0
 0
 0
 0
 0
 0
 0.00073136000000000002


# name: Cex2
# type: matrix
# rows: 33
# columns: 1
 0.30749524
 0.32213555999999999
 0.32584049999999998
 0.29927664999999998
 0.28037637999999998
 0.25278705000000001
 0.2288568
 0.21566329000000001
 0.19427074999999999
 0.17931187000000001
 0.17621222
 0.16282604000000001
 0.16585775
 0.15640868999999999
 0.15366937999999999
 0.14897502000000001
 0.13961714
 0.13600369000000001
 0.12749487000000001
 0.1217636
 0.11330541
 0.10631425999999999
 0.099057480000000003
 0.096010449999999997
 0.083692959999999997
 0.075023370000000006
 0.070493219999999995
 0.057769149999999998
 0.047831279999999997
 0.04002613
 0.032136890000000001
 0.026601679999999999
 0.022110000000000001


# name: Cem2
# type: matrix
# rows: 101
# columns: 1
 0
 0
 0
 0
 0.00050339000000000004
 0.00308384
 0.0049957500000000002
 0.0069424999999999999
 0.0077000000000000002
 0.013502719999999999
 0.01395534
 0.01416328
 0.017589219999999999
 0.02030937
 0.01983561
 0.0252602
 0.025794830000000001
 0.027658640000000002
 0.030434019999999999
 0.032354969999999997
 0.033428069999999997
 0.036820390000000001
 0.037241490000000002
 0.04215766
 0.043470450000000001
 0.048585789999999997
 0.050362589999999999
 0.057175770000000001
 0.057783910000000001
 0.058424379999999998
 0.062795229999999994
 0.063829289999999997
 0.067539070000000007
 0.072629269999999996
 0.076667730000000003
 0.080513349999999997
 0.081887769999999999
 0.0859713
 0.091961550000000003
 0.094000429999999996
 0.099860229999999994
 0.10267432999999999
 0.10662239
 0.10885644
 0.11528616999999999
 0.11613863000000001
 0.1183777
 0.12112439
 0.12537677
 0.12846563999999999
 0.12769823
 0.13094189000000001
 0.13511165
 0.13739525
 0.13982648
 0.1426183
 0.14297262999999999
 0.1443526
 0.14343093000000001
 0.14535761999999999
 0.14276341000000001
 0.14442599
 0.1461433
 0.14482754
 0.14532569000000001
 0.14908943
 0.14677203999999999
 0.14522315
 0.14486952
 0.14082357000000001
 0.13934882000000001
 0.13664870000000001
 0.13405445999999999
 0.13372211000000001
 0.13186313
 0.13047578000000001
 0.12763152999999999
 0.12540578999999999
 0.12719142999999999
 0.12268559
 0.11982738
 0.1192542
 0.11484445
 0.1154459
 0.11041520000000001
 0.10838403000000001
 0.10658645999999999
 0.10338419
 0.097619730000000002
 0.098367769999999993
 0.095390660000000002
 0.093504169999999998
 0.087357909999999997
 0.090704640000000003
 0.084733539999999996
 0.084944320000000004
 0.086574780000000004
 0.085521639999999996
 0.084623409999999996
 0.079985909999999993
 0.080450229999999998


# name: Cex3
# type: matrix
# rows: 33
# columns: 1
 0
 0
 0.044643870000000002
 0.16571854
 0.28658346000000001
 0.41519861000000002
 0.49917700999999998
 0.46108197000000001
 0.34432590000000002
 0.33554720999999998
 0.13387098
 0.053507569999999997
 0.036261439999999999
 0.026069189999999999
 0.01326024
 0.010942250000000001
 0.0048208000000000001
 0
 0
 0
 0
 0
 0
 0
 0
 0
 0
 0
 0
 0
 0
 0
 0


# name: Cem3
# type: matrix
# rows: 101
# columns: 1
 0.26466600000000001
 0.26372813000000001
 0.26332842000000001
 0.26458594000000002
 0.27246526999999998
 0.26108341000000002
 0.25933298999999999
 0.25669064000000003
 0.24534462000000001
 0.22567288999999999
 0.21608305
 0.19421848
 0.19074367
 0.17152577999999999
 0.16485169999999999
 0.14252549
 0.12280777
 0.11542253
 0.11182193
 0.10430453000000001
 0.092105309999999996
 0.088483350000000002
 0.078957009999999994
 0.073717030000000003
 0.072002769999999994
 0.065568719999999997
 0.068666900000000003
 0.058937709999999997
 0.056313500000000002
 0.055560749999999999
 0.049149030000000003
 0.044026570000000001
 0.055762319999999997
 0.045176840000000003
 0.049893079999999999
 0.04282474
 0.044788700000000001
 0.045009819999999999
 0.029879840000000001
 0.030635229999999999
 0.032713060000000002
 0.028145880000000002
 0.02778081
 0.025701140000000001
 0.02004614
 0.022597679999999998
 0.019683260000000001
 0.016571610000000001
 0.011463279999999999
 0.0063772000000000004
 0.016852180000000001
 0.01353027
 0.0073667799999999999
 0.0074155000000000002
 0.0054184899999999998
 0.0041739400000000001
 0.0040667799999999999
 0.01380552
 0.0085245000000000008
 0.0089120999999999992
 0.016189530000000001
 0.0083750400000000003
 0.01058283
 0.018692529999999999
 0.01299991
 0.00555223
 0.013620999999999999
 0.015141079999999999
 0.016292919999999999
 0.017744380000000001
 0.018038490000000001
 0.017805069999999999
 0.016722589999999999
 0.020149420000000001
 0.016529800000000001
 0.014979080000000001
 0.015880579999999998
 0.018923949999999998
 0.02031405
 0.020641590000000001
 0.018573880000000001
 0.016627369999999999
 0.018622400000000001
 0.016491780000000001
 0.017725080000000001
 0.01612332
 0.0085869999999999991
 0.0088789000000000003
 0.0055546600000000003
 0
 0.00157051
 0
 0
 0
 0
 0
 0
 0
 0
 0
 0


