# Created by Octave 7.3.0, Sat Oct 07 14:34:59 2023 UTC <jovyan@224710f94f77>
# name: C
# type: scalar
5


# name: Cex
# type: matrix
# rows: 41
# columns: 1
 250
 255
 260
 265
 270
 275
 280
 285
 290
 295
 300
 305
 310
 315
 320
 325
 330
 335
 340
 345
 350
 355
 360
 365
 370
 375
 380
 385
 390
 395
 400
 405
 410
 415
 420
 425
 430
 435
 440
 445
 450


# name: Cem
# type: matrix
# rows: 408
# columns: 1
 212
 213
 214
 215
 216
 217
 218
 219
 220
 221
 222
 223
 224
 225
 226
 227
 228
 229
 230
 231
 232
 233
 234
 235
 236
 237
 238
 239
 240
 241
 242
 243
 244
 245
 246
 247
 248
 249
 250
 251
 252
 253
 254
 255
 256
 257
 258
 259
 260
 261
 262
 263
 264
 265
 266
 267
 268
 269
 270
 271
 272
 273
 274
 275
 276
 277
 278
 279
 280
 281
 282
 283
 284
 285
 286
 287
 288
 289
 290
 291
 292
 293
 294
 295
 296
 297
 298
 299
 300
 301
 302
 303
 304
 305
 306
 307
 308
 309
 310
 311
 312
 313
 314
 315
 316
 317
 318
 319
 320
 321
 322
 323
 324
 325
 326
 327
 328
 329
 330
 331
 332
 333
 334
 335
 336
 337
 338
 339
 340
 341
 342
 343
 344
 345
 346
 347
 348
 349
 350
 351
 352
 353
 354
 355
 356
 357
 358
 359
 360
 361
 362
 363
 364
 365
 366
 367
 368
 369
 370
 371
 372
 373
 374
 375
 376
 377
 378
 379
 380
 381
 382
 383
 384
 385
 386
 387
 388
 389
 390
 391
 392
 393
 394
 395
 396
 397
 398
 399
 400
 401
 402
 403
 404
 405
 406
 407
 408
 409
 410
 411
 412
 413
 414
 415
 416
 417
 418
 419
 420
 421
 422
 423
 424
 425
 426
 427
 428
 429
 430
 431
 432
 433
 434
 435
 436
 437
 438
 439
 440
 441
 442
 443
 444
 445
 446
 447
 448
 449
 450
 451
 452
 453
 454
 455
 456
 457
 458
 459
 460
 461
 462
 463
 464
 465
 466
 467
 468
 469
 470
 471
 472
 473
 474
 475
 476
 477
 478
 479
 480
 481
 482
 483
 484
 485
 486
 487
 488
 489
 490
 491
 492
 493
 494
 495
 496
 497
 498
 499
 500
 501
 502
 503
 504
 505
 506
 507
 508
 509
 510
 511
 512
 513
 514
 515
 516
 517
 518
 519
 520
 521
 522
 523
 524
 525
 526
 527
 528
 529
 530
 531
 532
 533
 534
 535
 536
 537
 538
 539
 540
 541
 542
 543
 544
 545
 546
 547
 548
 549
 550
 551
 552
 553
 554
 555
 556
 557
 558
 559
 560
 561
 562
 563
 564
 565
 566
 567
 568
 569
 570
 571
 572
 573
 574
 575
 576
 577
 578
 579
 580
 581
 582
 583
 584
 585
 586
 587
 588
 589
 590
 591
 592
 593
 594
 595
 596
 597
 598
 599
 600
 601
 602
 603
 604
 605
 606
 607
 608
 609
 610
 611
 612
 613
 614
 615
 616
 617
 618
 619


# name: Cex1
# type: matrix
# rows: 41
# columns: 1
 0.33784763600000001
 0.26334542399999999
 0.21717185
 0.18428851399999999
 0.166246486
 0.167491468
 0.18796549100000001
 0.21668715299999999
 0.25054814199999997
 0.28111492399999999
 0.29908416799999998
 0.29937230799999998
 0.285177179
 0.25806733399999998
 0.21489759899999999
 0.17895164999999999
 0.14738178599999999
 0.11707026800000001
 0.089581230999999997
 0.064970051000000001
 0.043083576999999998
 0.025340448000000002
 0.011550769000000001
 0.0022194950000000001
 0
 0
 0
 0
 0
 0
 0
 0.00048575700000000002
 0.0033468769999999998
 0.0043872520000000003
 0.0055635770000000001
 0.0045976979999999999
 0.0030045290000000001
 0.00094823499999999996
 0
 0
 0


# name: Cem1
# type: matrix
# rows: 408
# columns: 1
 0
 0
 0
 0
 0
 0
 0
 0
 0
 0
 0
 0
 0
 0
 0
 0
 0
 0
 0
 0
 0
 0
 0
 0
 0
 0
 0
 0
 0
 0
 0
 0
 0
 0
 0
 0
 0
 0
 0
 0
 0
 0
 0
 0
 0
 0
 0
 0
 0
 0
 0
 0
 0
 0
 0
 0
 0
 0
 0
 0
 0
 0
 0
 0
 0
 0
 0
 0
 0
 0
 0
 0
 0
 0
 0
 0
 0
 0
 0
 0
 0
 0
 0
 0
 9.8600000000000005e-06
 5.8499999999999999e-05
 3.82e-05
 1.42e-07
 0
 0
 0
 0
 0
 0
 0
 0
 0
 0
 0
 0
 0
 0
 0
 0
 0
 0
 0
 0
 0
 0
 0
 0
 0
 0
 0
 0
 0.00013300000000000001
 0.00055099999999999995
 0.0011100000000000001
 0.00183
 0.0026700000000000001
 0.0036099999999999999
 0.00464
 0.0057499999999999999
 0.0068999999999999999
 0.0080800000000000004
 0.0092899999999999996
 0.010529999999999999
 0.0118
 0.013100000000000001
 0.01444
 0.015820000000000001
 0.017250000000000001
 0.01873
 0.02026
 0.021829999999999999
 0.023439999999999999
 0.025090000000000001
 0.026749999999999999
 0.028420000000000001
 0.030099999999999998
 0.03177
 0.033439999999999998
 0.035110000000000002
 0.036769999999999997
 0.038429999999999999
 0.040090000000000001
 0.041759999999999999
 0.043450000000000003
 0.04514
 0.046859999999999999
 0.04861
 0.050389999999999997
 0.052209999999999999
 0.054089999999999999
 0.056009999999999997
 0.057970000000000001
 0.059970000000000002
 0.062
 0.064030000000000004
 0.066059999999999994
 0.068110000000000004
 0.070180000000000006
 0.072279999999999997
 0.074399999999999994
 0.076520000000000005
 0.078619999999999995
 0.080670000000000006
 0.082680000000000003
 0.084650000000000003
 0.086559999999999998
 0.088419999999999999
 0.090219999999999995
 0.091969999999999996
 0.093670000000000003
 0.095310000000000006
 0.096860000000000002
 0.098350000000000007
 0.099779999999999994
 0.10113999999999999
 0.10241
 0.10363
 0.10478
 0.10589
 0.10695
 0.10795
 0.10889
 0.10976
 0.11054
 0.11124000000000001
 0.11185
 0.11237999999999999
 0.11283
 0.1132
 0.11348
 0.11369
 0.1138
 0.11366999999999999
 0.11339
 0.11298999999999999
 0.11249000000000001
 0.11187999999999999
 0.11118
 0.11040999999999999
 0.10957
 0.10867
 0.1077
 0.10666
 0.10555
 0.10433000000000001
 0.10299
 0.10162
 0.10023
 0.098830000000000001
 0.097439999999999999
 0.09604
 0.094630000000000006
 0.093219999999999997
 0.091810000000000003
 0.090399999999999994
 0.08899
 0.087580000000000005
 0.086180000000000007
 0.084769999999999998
 0.083349999999999994
 0.081909999999999997
 0.080449999999999994
 0.078969999999999999
 0.077469999999999997
 0.075950000000000004
 0.074389999999999998
 0.072819999999999996
 0.071199999999999999
 0.069550000000000001
 0.067890000000000006
 0.066239999999999993
 0.064600000000000005
 0.062969999999999998
 0.061350000000000002
 0.059749999999999998
 0.058160000000000003
 0.056590000000000001
 0.055050000000000002
 0.053530000000000001
 0.05203
 0.050549999999999998
 0.049090000000000002
 0.047640000000000002
 0.046210000000000001
 0.044790000000000003
 0.043400000000000001
 0.042020000000000002
 0.040669999999999998
 0.03934
 0.03805
 0.036790000000000003
 0.035549999999999998
 0.034349999999999999
 0.033160000000000002
 0.032009999999999997
 0.030890000000000001
 0.029790000000000001
 0.028729999999999999
 0.027709999999999999
 0.026710000000000001
 0.025739999999999999
 0.02479
 0.023869999999999999
 0.022970000000000001
 0.022089999999999999
 0.021239999999999998
 0.020410000000000001
 0.019609999999999999
 0.01883
 0.018079999999999999
 0.017340000000000001
 0.01661
 0.015910000000000001
 0.015219999999999999
 0.01455
 0.01391
 0.01328
 0.012670000000000001
 0.012070000000000001
 0.0115
 0.01093
 0.01039
 0.0098600000000000007
 0.0093500000000000007
 0.0088599999999999998
 0.0083800000000000003
 0.00792
 0.0074799999999999997
 0.0070600000000000003
 0.0066400000000000001
 0.0062500000000000003
 0.0058799999999999998
 0.0055199999999999997
 0.0051799999999999997
 0.0048700000000000002
 0.0045599999999999998
 0.00428
 0.0040099999999999997
 0.0037499999999999999
 0.0035000000000000001
 0.0032599999999999999
 0.0030300000000000001
 0.0027899999999999999
 0.0025600000000000002
 0.00233
 0.0020899999999999998
 0.0018600000000000001
 0.0016299999999999999
 0.00139
 0.00116
 0.00093800000000000003
 0.000718
 0.00050699999999999996
 0.00031
 0.00012799999999999999
 0
 0
 0
 0
 0
 0
 0
 0
 0
 0
 0
 0
 0
 0
 0
 0
 0
 0
 0
 0
 0
 0
 0
 0
 0
 0
 0
 0
 0
 0
 0
 0
 0
 0
 0
 0
 0
 0
 0
 0
 0
 0
 0
 0
 0
 1.34e-05
 0.000121
 0.00030800000000000001
 0.00050699999999999996
 0.00071500000000000003
 0.00092699999999999998
 0.00114
 0.00133
 0.00147
 0.0015900000000000001
 0.0017099999999999999
 0.00182
 0.0019300000000000001
 0.0020400000000000001
 0.00214
 0.0022499999999999998
 0.0023500000000000001
 0.00247
 0.0025999999999999999
 0.0027399999999999998
 0.0028800000000000002
 0.0030300000000000001
 0.0031800000000000001
