# Created by Octave 7.3.0, Sun Oct 01 15:48:17 2023 UTC <jovyan@224710f94f77>
# name: C
# type: scalar
6


# name: Cex
# type: matrix
# rows: 68
# columns: 1
 249
 252
 255
 258
 261
 264
 267
 270
 273
 276
 279
 282
 285
 288
 291
 294
 297
 300
 303
 306
 309
 312
 315
 318
 321
 324
 327
 330
 333
 336
 339
 342
 345
 348
 351
 354
 357
 360
 363
 366
 369
 372
 375
 378
 381
 384
 387
 390
 393
 396
 399
 402
 405
 408
 411
 414
 417
 420
 423
 426
 429
 432
 435
 438
 441
 444
 447
 450


# name: Cem
# type: matrix
# rows: 67
# columns: 1
 313
 318
 323
 328
 333
 338
 343
 348
 353
 358
 363
 368
 373
 378
 383
 388
 393
 398
 403
 408
 413
 418
 423
 428
 433
 438
 443
 448
 453
 458
 463
 468
 473
 478
 483
 488
 493
 498
 503
 508
 513
 518
 523
 528
 533
 538
 543
 548
 553
 558
 563
 568
 573
 578
 583
 588
 593
 598
 603
 608
 613
 618
 623
 628
 633
 638
 643


# name: Cex1
# type: matrix
# rows: 68
# columns: 1
 0.32649458999999997
 0.31962928000000002
 0.31142648000000001
 0.29186353999999998
 0.26896713999999999
 0.24161832
 0.21765349000000001
 0.19354347999999999
 0.17780657999999999
 0.16349422999999999
 0.15883702
 0.15642225000000001
 0.15861860999999999
 0.16039816000000001
 0.1622393
 0.16390535000000001
 0.16800302
 0.16747924
 0.15998872
 0.15263751
 0.14382168000000001
 0.13019397999999999
 0.11516337
 0.096699510000000002
 0.080709630000000004
 0.065001290000000003
 0.049826809999999999
 0.038650770000000001
 0.027692410000000001
 0.01772545
 0.01183122
 0.0047777899999999996
 0.0035303600000000002
 0.00242604
 0.00080175999999999999
 0
 0
 0
 0
 0
 0
 0
 0
 0
 0
 0
 0
 0
 0
 0
 0
 0
 0
 0
 0
 0
 0
 0
 0
 0
 0
 0
 0
 0
 0
 0
 0
 0


# name: Cem1
# type: matrix
# rows: 67
# columns: 1
 0
 0.00025588999999999999
 0.0041052399999999996
 0.01359369
 0.028995139999999999
 0.039110260000000001
 0.042822789999999999
 0.052163649999999999
 0.067846290000000004
 0.086692950000000005
 0.10961649
 0.13315793000000001
 0.15203576999999999
 0.17648316999999999
 0.19623551
 0.21413674999999999
 0.2244254
 0.22397596
 0.22793306999999999
 0.23192682000000001
 0.22973431
 0.22974238
 0.22623383
 0.21935155000000001
 0.20573289
 0.19957517
 0.18928125000000001
 0.17700869
 0.16776953
 0.15893855000000001
 0.14434261000000001
 0.13687136999999999
 0.12635798000000001
 0.11596297
 0.10766755
 0.099786910000000006
 0.088835300000000006
 0.080814529999999996
 0.071570209999999995
 0.063996129999999998
 0.058229679999999999
 0.05565204
 0.051100359999999997
 0.040733270000000002
 0.040559440000000002
 0.037612609999999998
 0.03336774
 0.027417960000000002
 0.021507539999999999
 0.021118499999999998
 0.01796012
 0.018319459999999999
 0.014618910000000001
 0.01261877
 0.01341995
 0.0090159599999999999
 0.01370499
 0.0078951799999999999
 0.0091445299999999997
 0.0085890800000000007
 0.0076135600000000001
 0.0055754000000000003
 0.0065390200000000004
 0.0054667700000000001
 0.0058694699999999999
 0.0061932599999999999
 0.0079990600000000005


# name: Cex2
# type: matrix
# rows: 68
# columns: 1
 0.22478770000000001
 0.21877590999999999
 0.21351455999999999
 0.20759855999999999
 0.19851595
 0.18913115
 0.17451709000000001
 0.16092316000000001
 0.14608038000000001
 0.13109003
 0.1179809
 0.10523998
 0.094574309999999995
 0.08699316
 0.081744700000000003
 0.077492199999999997
 0.073826959999999997
 0.075156700000000007
 0.082613359999999997
 0.088559070000000004
 0.095242770000000004
 0.10452264
 0.11439953
 0.12484141999999999
 0.13431689999999999
 0.14366963999999999
 0.15302746
 0.16030330000000001
 0.16691106999999999
 0.17307228
 0.17503409
 0.17929376999999999
 0.17931591
 0.17718822000000001
 0.17440322999999999
 0.16949982999999999
 0.16425602
 0.15749056
 0.14960494999999999
 0.14042805
 0.13113954
 0.1210951
 0.11168159
 0.10207644
 0.092649400000000007
 0.082158090000000003
 0.072327550000000004
 0.063584570000000007
 0.054771649999999998
 0.046760570000000001
 0.04012284
 0.033124319999999999
 0.027914410000000001
 0.02302591
 0.0180663
 0.01437893
 0.01037618
 0.0062654199999999998
 0.0039914699999999996
 0.00092730000000000004
 0
 0
 0
 0
 0
 0
 0
 0


# name: Cem2
# type: matrix
# rows: 67
# columns: 1
 0
 0
 2e-08
 0
 9.9999999999999995e-08
 0
 1.46e-06
 0
 0
 5.7000000000000003e-05
 0
 0.0001111
 0
 0.0062001000000000001
 0.03008313
 0.049264769999999999
 0.069841449999999999
 0.089485819999999994
 0.11182941
 0.13513227
 0.16496041
 0.19246941000000001
 0.21754161999999999
 0.23460043999999999
 0.24634937000000001
 0.25738586000000002
 0.25833602999999999
 0.26003442999999998
 0.25632917
 0.2474219
 0.23662509000000001
 0.2227259
 0.20722665000000001
 0.19019660999999999
 0.17637617
 0.15859481
 0.144316
 0.12531586
 0.11028314
 0.098215159999999996
 0.086206900000000003
 0.076523740000000007
 0.066352919999999996
 0.056830840000000001
 0.04930126
 0.042495890000000001
 0.03565041
 0.029478589999999999
 0.023512379999999999
 0.018890879999999999
 0.01588966
 0.014175750000000001
 0.0094965199999999996
 0.0068264500000000004
 0.0068608100000000002
 0.0044873500000000002
 0.0046623899999999998
 0.0043346599999999997
 0.0041984099999999996
 0.0018569599999999999
 0.0017840899999999999
 4.5030000000000001e-05
 0.0014387499999999999
 0.0037978399999999998
 0
 0.00014355999999999999
 0.00045762999999999999


# name: Cex3
# type: matrix
# rows: 68
# columns: 1
 0.21617272000000001
 0.21341444000000001
 0.21741215
 0.21388979
 0.21656885000000001
 0.21615181
 0.21653004000000001
 0.21473062000000001
 0.20864135
 0.19894553000000001
 0.18669807999999999
 0.17403109
 0.16229277
 0.15064373
 0.13906201000000001
 0.1286843
 0.11997207999999999
 0.11134781000000001
 0.10091258
 0.094396949999999993
 0.089500529999999995
 0.084762900000000002
 0.081640560000000001
 0.079139810000000005
 0.078943159999999998
 0.078435190000000002
 0.078977290000000006
 0.080353900000000006
 0.081886479999999998
 0.083307829999999999
 0.085816409999999996
 0.08701834
 0.089130390000000004
 0.091458220000000007
 0.093773079999999995
 0.097076099999999999
 0.10013284
 0.10272815
 0.10463383
 0.10590778000000001
 0.10600822999999999
 0.10585398
 0.1052067
 0.10481592000000001
 0.10530944
 0.10529695
 0.10413641999999999
 0.10200067
 0.10008177
 0.097003130000000007
 0.094064599999999998
 0.091144500000000003
 0.087563230000000006
 0.083808250000000001
 0.080638989999999994
 0.077105560000000004
 0.073998469999999997
 0.071628269999999994
 0.068530679999999997
 0.065716269999999993
 0.061969959999999998
 0.057543539999999997
 0.053408749999999998
 0.048834540000000003
 0.045168800000000002
 0.040996009999999999
 0.037547959999999998
 0.03434305


# name: Cem3
# type: matrix
# rows: 67
# columns: 1
 0
 3.27e-06
 1.611e-05
 0
 0.00011767
 0.00064254999999999998
 0.0012199299999999999
 0.00091620000000000004
 6.5199999999999999e-05
 0
 3.3670000000000001e-05
 0.00048861
 0.0040354900000000001
 0.0059225900000000001
 0.00012147
 3.0670000000000003e-05
 0
 1.8e-07
 3.63e-06
 0
 8.3999999999999992e-06
 0.00010846
 0.0039172499999999997
 0.012077060000000001
 0.02486029
 0.044562789999999998
 0.068336079999999993
 0.083759780000000006
 0.10346880999999999
 0.12044012
 0.13714261
 0.15960150000000001
 0.17410560999999999
 0.18996352999999999
 0.19944486
 0.21458911
 0.22213047999999999
 0.23005537000000001
 0.23448737
 0.23392908000000001
 0.22884056
 0.22212269000000001
 0.21503907
 0.20633061
 0.20099713999999999
 0.19371034000000001
 0.18657699
 0.17877406000000001
 0.16996031
 0.16253184000000001
 0.15216856000000001
 0.14264732999999999
 0.13447453000000001
 0.12801502000000001
 0.11557634
 0.1066597
 0.101036
 0.091461940000000005
 0.085070480000000004
 0.078507960000000002
 0.072138279999999999
 0.068045229999999998
 0.061667439999999997
 0.053232979999999999
 0.050661200000000003
 0.047794580000000003
 0.045606220000000003


