# Created by Octave 7.3.0, Sun Sep 17 19:19:12 2023 UTC <jovyan@224710f94f77>
# name: C
# type: scalar
4


# name: Cex
# type: matrix
# rows: 151
# columns: 1
 250
 253
 256
 259
 262
 265
 268
 271
 274
 277
 280
 283
 286
 289
 292
 295
 298
 301
 304
 307
 310
 313
 316
 319
 322
 325
 328
 331
 334
 337
 340
 343
 346
 349
 352
 355
 358
 361
 364
 367
 370
 373
 376
 379
 382
 385
 388
 391
 394
 397
 400
 403
 406
 409
 412
 415
 418
 421
 424
 427
 430
 433
 436
 439
 442
 445
 448
 451
 454
 457
 460
 463
 466
 469
 472
 475
 478
 481
 484
 487
 490
 493
 496
 499
 502
 505
 508
 511
 514
 517
 520
 523
 526
 529
 532
 535
 538
 541
 544
 547
 550
 553
 556
 559
 562
 565
 568
 571
 574
 577
 580
 583
 586
 589
 592
 595
 598
 601
 604
 607
 610
 613
 616
 619
 622
 625
 628
 631
 634
 637
 640
 643
 646
 649
 652
 655
 658
 661
 664
 667
 670
 673
 676
 679
 682
 685
 688
 691
 694
 697
 700


# name: Cem
# type: matrix
# rows: 71
# columns: 1
 250
 255
 260
 265
 270
 275
 280
 285
 290
 295
 300
 305
 310
 315
 320
 325
 330
 335
 340
 345
 350
 355
 360
 365
 370
 375
 380
 385
 390
 395
 400
 405
 410
 415
 420
 425
 430
 435
 440
 445
 450
 455
 460
 465
 470
 475
 480
 485
 490
 495
 500
 505
 510
 515
 520
 525
 530
 535
 540
 545
 550
 555
 560
 565
 570
 575
 580
 585
 590
 595
 600


# name: Cex1
# type: matrix
# rows: 151
# columns: 1
 0.31856591899999998
 0.29364051499999999
 0.26787920700000001
 0.24318347000000001
 0.221884844
 0.204432051
 0.191785602
 0.18291686099999999
 0.17775447
 0.17543550099999999
 0.17453402200000001
 0.17381305499999999
 0.17284991899999999
 0.17101440100000001
 0.16826891899999999
 0.16523122700000001
 0.162129041
 0.15916256200000001
 0.156180079
 0.15305659799999999
 0.149510693
 0.14535289200000001
 0.14101574
 0.13588441300000001
 0.129843351
 0.12308430300000001
 0.115632293
 0.108055805
 0.099637746999999999
 0.090596394999999996
 0.081574253999999999
 0.072917002999999994
 0.064284541000000001
 0.056102752999999998
 0.048236841000000003
 0.040628461999999997
 0.033684051999999999
 0.026816344999999998
 0.020725257
 0.015146468999999999
 0.010093118
 0.0059188050000000001
 0.002017423
 0
 0
 0
 0
 0
 0
 0
 0
 0
 0
 0
 0
 0
 0
 0
 0
 0
 0
 0
 0
 0
 0
 0
 0
 0
 0
 0
 0
 0
 0
 0
 0
 0
 0
 0
 0
 0
 0
 0
 0
 0
 0
 0
 0
 0
 0
 0
 0
 0
 0
 0
 0
 0
 0
 0
 0
 0
 0
 0
 0
 0
 0
 0
 0
 0
 0
 0
 0
 0
 0
 0
 0
 0
 0
 0
 0
 0
 0
 0
 0
 0
 0
 0
 0
 0
 0
 0
 0
 0
 0
 0
 0
 0
 0
 0
 0
 0
 0
 0
 0
 0
 0
 0
 0
 0
 0
 0
 0


# name: Cem1
# type: matrix
# rows: 71
# columns: 1
 0
 0.00098770200000000002
 0.0028457729999999998
 0.0048304530000000002
 0.0067636349999999996
 0.0080177110000000003
 0.0081722010000000005
 0.0083241080000000002
 0.0086503529999999995
 0.0083643610000000007
 0.007527008
 0.0070175120000000001
 0.0055896030000000003
 0.0043686180000000003
 0.0061970510000000003
 0.0099363620000000007
 0.016536680000000002
 0.026588651000000001
 0.040023705
 0.056850764999999998
 0.077377989999999994
 0.100687386
 0.12482621100000001
 0.14991281100000001
 0.171239166
 0.19076340999999999
 0.20732731099999999
 0.220360255
 0.22909204699999999
 0.23477250499999999
 0.237932591
 0.239479311
 0.23990060499999999
 0.23908502500000001
 0.234719702
 0.226802431
 0.217990926
 0.208209273
 0.19738578900000001
 0.18597364699999999
 0.17358695399999999
 0.159937211
 0.14590497899999999
 0.132206923
 0.1180113
 0.109224788
 0.100532353
 0.091711280000000006
 0.083027739000000003
 0.074919740999999998
 0.067527505000000002
 0.060772675999999998
 0.054403567999999999
 0.048341162
 0.042767847999999997
 0.037824701000000002
 0.034255866000000003
 0.030836550000000001
 0.027730530999999999
 0.025038246
 0.022965414
 0.021099961
 0.019407246
 0.018089460000000002
 0.016858728
 0.015863360999999999
 0.015021273
 0.014234432999999999
 0.013293343000000001
 0.012551033
 0.011735644


# name: Cex2
# type: matrix
# rows: 151
# columns: 1
 0.10299637
 0.122880587
 0.13877933200000001
 0.14859941900000001
 0.150708808
 0.14648971099999999
 0.136339979
 0.123200742
 0.10833514299999999
 0.093003034999999998
 0.078733381000000005
 0.067104005999999994
 0.058694339999999998
 0.053981637999999998
 0.052550381
 0.053720191
 0.057224248999999998
 0.062370719999999998
 0.069030108000000007
 0.076968386999999999
 0.085927576000000006
 0.095720931999999995
 0.105394768
 0.11583858399999999
 0.12697118600000001
 0.13840804000000001
 0.15004354
 0.160839065
 0.17127719799999999
 0.18089659599999999
 0.188829994
 0.19492393199999999
 0.19945486200000001
 0.202253181
 0.203684953
 0.20419775300000001
 0.20282257400000001
 0.20099509199999999
 0.19723808900000001
 0.19231274900000001
 0.18660885899999999
 0.17875007800000001
 0.170896042
 0.15939250999999999
 0.14469037300000001
 0.13035480299999999
 0.116841177
 0.103790491
 0.091305098000000001
 0.079739081000000003
 0.068461073999999997
 0.058339887999999999
 0.048538734
 0.039486404000000003
 0.031116793
 0.023390917000000001
 0.016349290999999998
 0.0095075279999999995
 0.0032117890000000001
 0
 0
 0
 0
 0
 0
 0
 0
 0
 0
 0
 0
 0
 0
 0
 0
 0
 0
 0
 0
 0
 0
 0
 0
 0
 0
 0
 0
 0
 0
 0
 0
 0
 0
 0
 0
 0
 0
 0
 0
 0
 0
 0
 0
 0
 0
 0
 0
 0
 0
 0
 0
 0
 0
 0
 0
 0
 0
 0
 0
 0
 0
 0
 0
 0
 0
 0
 0
 0
 0
 0
 0
 0
 0
 0
 0
 0
 0
 0
 0
 0
 0
 0
 0
 0
 0
 0
 0
 0
 0
 0
 0


# name: Cem2
# type: matrix
# rows: 71
# columns: 1
 0
 0
 0
 0
 0
 0
 0
 0
 0
 0
 0
 0
 0
 0
 0
 0
 0
 0
 0
 0
 0
 0
 0
 0
 0.0086783799999999994
 0.021228357
 0.037307934000000001
 0.055920592999999998
 0.07772548
 0.101432123
 0.12569086500000001
 0.14997358
 0.173463323
 0.19599364399999999
 0.21393678999999999
 0.22639142400000001
 0.23645276700000001
 0.24448630499999999
 0.249779587
 0.25221234599999998
 0.25171117700000001
 0.24751632000000001
 0.239331461
 0.22804124100000001
 0.214824089
 0.203171661
 0.19019551500000001
 0.176499724
 0.16248778899999999
 0.14920953200000001
 0.13604791399999999
 0.123045553
 0.11022470500000001
 0.098424334000000002
 0.088013867999999995
 0.079077251000000001
 0.070814625000000006
 0.063912719000000007
 0.058077276999999997
 0.052884523000000003
 0.048136188000000003
 0.043621083999999997
 0.039429740999999997
 0.035353954
 0.031979537000000002
 0.028900828999999999
 0.025926408000000001
 0.023144297000000001
 0.020487030999999999
 0.017559244000000002
 0.015056665


