# Created by Octave 7.3.0, Mon Oct 09 01:27:19 2023 UTC <jovyan@224710f94f77>
# name: C
# type: scalar
3


# name: Cex
# type: matrix
# rows: 117
# columns: 1
 252
 255
 258
 261
 264
 267
 270
 273
 276
 279
 282
 285
 288
 291
 294
 297
 300
 303
 306
 309
 312
 315
 318
 321
 324
 327
 330
 333
 336
 339
 342
 345
 348
 351
 354
 357
 360
 363
 366
 369
 372
 375
 378
 381
 384
 387
 390
 393
 396
 399
 402
 405
 408
 411
 414
 417
 420
 423
 426
 429
 432
 435
 438
 441
 444
 447
 450
 453
 456
 459
 462
 465
 468
 471
 474
 477
 480
 483
 486
 489
 492
 495
 498
 501
 504
 507
 510
 513
 516
 519
 522
 525
 528
 531
 534
 537
 540
 543
 546
 549
 552
 555
 558
 561
 564
 567
 570
 573
 576
 579
 582
 585
 588
 591
 594
 597
 600


# name: Cem
# type: matrix
# rows: 103
# columns: 1
 214
 217
 220
 223
 227
 230
 233
 236
 239
 243
 246
 249
 252
 255
 259
 262
 265
 268
 271
 275
 278
 281
 284
 287
 291
 294
 297
 300
 304
 307
 310
 313
 317
 320
 323
 326
 330
 333
 336
 339
 343
 346
 349
 352
 356
 359
 362
 365
 369
 372
 375
 379
 382
 385
 388
 392
 395
 398
 402
 405
 408
 411
 415
 418
 421
 425
 428
 431
 435
 438
 441
 444
 448
 451
 454
 458
 461
 464
 468
 471
 474
 478
 481
 484
 488
 491
 494
 498
 501
 504
 508
 511
 514
 518
 521
 524
 528
 531
 534
 538
 541
 544
 548


# name: Cex1
# type: matrix
# rows: 117
# columns: 1
 0.17584504000000001
 0.17066646999999999
 0.16802093000000001
 0.17251373
 0.17123633999999999
 0.1653963
 0.16121556000000001
 0.15589863000000001
 0.15012871999999999
 0.14618321000000001
 0.14115551000000001
 0.13609117000000001
 0.13223592000000001
 0.12634134999999999
 0.1206863
 0.11663142999999999
 0.11480598
 0.11480795000000001
 0.11602844
 0.11784
 0.12098001999999999
 0.12527024
 0.12960611
 0.13200429999999999
 0.13192277999999999
 0.13216111999999999
 0.13388628
 0.13450572999999999
 0.13589055999999999
 0.13777180999999999
 0.13750245999999999
 0.14457998999999999
 0.14550682000000001
 0.14626206
 0.14718581
 0.14795912
 0.14778077000000001
 0.1477147
 0.14611357999999999
 0.14225027000000001
 0.13811882
 0.13026925
 0.12629330999999999
 0.11945401999999999
 0.11487737000000001
 0.10889279
 0.10475619
 0.098841180000000001
 0.096272029999999995
 0.090139609999999995
 0.086216139999999997
 0.081455280000000005
 0.077100249999999995
 0.073346800000000004
 0.06941804
 0.065125879999999997
 0.062146159999999999
 0.058479250000000003
 0.055484369999999998
 0.052577400000000003
 0.048533939999999998
 0.044762490000000002
 0.040916889999999997
 0.037928290000000003
 0.034958000000000003
 0.032489190000000001
 0.030351389999999999
 0.0285866
 0.026503829999999999
 0.024343610000000002
 0.02279161
 0.021020540000000001
 0.02012914
 0.01911347
 0.017690540000000001
 0.016358640000000001
 0.014780929999999999
 0.01378714
 0.01254254
 0.01110162
 0.010098360000000001
 0.0088503799999999997
 0.0078763600000000007
 0.00710123
 0.0064554599999999997
 0.0054599200000000001
 0.0046017999999999996
 0.0039564700000000001
 0.0027000399999999999
 0.00234586
 0.0020095299999999998
 0.0016984400000000001
 0.00139971
 0.00112129
 0.0010834499999999999
 0.0008319
 0.00059986000000000002
 0.00038571999999999999
 0.00018568
 0
 0
 0
 0
 0
 0
 0
 0
 0
 0
 0
 0
 0
 0
 0
 0
 0
 0


# name: Cem1
# type: matrix
# rows: 103
# columns: 1
 0
 0
 0
 0
 0
 0
 0
 0
 0
 0
 0
 0
 3.7960000000000002e-05
 0.00034008999999999998
 0.00067591000000000005
 0.00098992999999999998
 0.00091012000000000005
 0.0014472700000000001
 0.0024980599999999999
 0.00371368
 0.0047597200000000003
 0.00579861
 0.0072773200000000003
 0.0073627199999999997
 0.0060764800000000004
 0.0047803699999999999
 0.0076821600000000004
 0.0087949699999999992
 0.010008609999999999
 0.0097636100000000007
 0.00982799
 0.0098867299999999998
 0.0098616899999999993
 0.010443259999999999
 0.0095648599999999997
 0.0065217000000000001
 0.0044791099999999997
 0.0012751800000000001
 0
 0
 0
 0
 0
 0
 0
 0
 0
 0
 0
 0
 0
 0
 0
 0.0028589100000000001
 0.0091751999999999997
 0.01515583
 0.021338309999999999
 0.03000939
 0.03626397
 0.044264280000000003
 0.053314399999999998
 0.062978720000000002
 0.07267933
 0.082118280000000002
 0.091023209999999993
 0.10259586
 0.11066843
 0.11988770999999999
 0.12928688999999999
 0.13741239
 0.14409067
 0.15256565
 0.15817492
 0.16345878999999999
 0.17003703000000001
 0.17422862
 0.17822542
 0.18150598000000001
 0.18222701999999999
 0.18387270999999999
 0.18494575999999999
 0.18459950999999999
 0.18452954999999999
 0.18437041000000001
 0.18453857000000001
 0.1830572
 0.18150922999999999
 0.17969189999999999
 0.17792522999999999
 0.17448846000000001
 0.17074956999999999
 0.16719688999999999
 0.16338175999999999
 0.16095414
 0.15783712
 0.15329588999999999
 0.14757186999999999
 0.14094218
 0.13396906
 0.12853776
 0.12301272000000001
 0.1184345
 0.11250683


# name: Cex2
# type: matrix
# rows: 117
# columns: 1
 0.15856157000000001
 0.1463103
 0.13789673
 0.1253196
 0.11800089
 0.11603955000000001
 0.11387732
 0.11418605
 0.11192601000000001
 0.11486203
 0.12168018999999999
 0.12668699
 0.12862162999999999
 0.13493682000000001
 0.14067610999999999
 0.14595501
 0.15235554000000001
 0.16159887000000001
 0.17126859999999999
 0.18337060999999999
 0.1929873
 0.20165201999999999
 0.20862874000000001
 0.21205144000000001
 0.20990023999999999
 0.20914914000000001
 0.20500662
 0.20318732
 0.19744944
 0.19150252000000001
 0.18854641999999999
 0.16912828999999999
 0.15859785000000001
 0.14664294
 0.13671901
 0.12518426999999999
 0.11680047
 0.10715552
 0.09621072
 0.085925199999999993
 0.075535969999999994
 0.066063949999999996
 0.058673299999999998
 0.04770021
 0.040694109999999999
 0.033586110000000002
 0.028318739999999998
 0.021696719999999999
 0.020885629999999999
 0.012152720000000001
 0.0080238500000000008
 0.0046611200000000004
 0.0018901600000000001
 0
 0
 0
 0
 0
 0
 0
 0
 0
 0
 0
 0
 0
 0
 0
 0
 0
 0
 0
 0
 0
 0
 0
 0
 0
 0
 0
 0
 0
 0
 0
 0
 0
 0
 0
 0
 0
 0
 0
 0
 0
 0
 0
 0
 0
 0
 0
 0
 0
 0
 0
 0
 0
 0
 0
 0
 0
 0
 0
 0
 0
 0
 0
 0


# name: Cem2
# type: matrix
# rows: 103
# columns: 1
 0
 0
 0
 0
 0
 0
 0
 0
 0
 0
 0
 0
 0
 0
 0
 0
 0
 0
 0
 0
 0
 0
 0
 0.0018880500000000001
 0.0050845300000000003
 0.0085065699999999998
 0.00370259
 0.0022261199999999998
 0
 0
 0
 0
 0
 0.00013166
 0.0056282800000000003
 0.012867689999999999
 0.020616889999999999
 0.02813146
 0.03626472
 0.043395660000000003
 0.052039500000000002
 0.060651469999999999
 0.068915589999999999
 0.077540799999999993
 0.086568000000000006
 0.096068360000000005
 0.10599833
 0.11585482
 0.12598346999999999
 0.13545065000000001
 0.14613161999999999
 0.15684389000000001
 0.16835684000000001
 0.17714010999999999
 0.18318671
 0.18893280000000001
 0.19528859000000001
 0.19881861000000001
 0.20407392999999999
 0.20711178999999999
 0.20923559
 0.20779476
 0.20635218
 0.20294244
 0.20054741000000001
 0.19375160999999999
 0.18850702
 0.18241750000000001
 0.17733349000000001
 0.17013877999999999
 0.16480955999999999
 0.15566716
 0.14686162
 0.13778704
 0.12749864999999999
 0.11950209000000001
 0.11089433999999999
 0.099809159999999994
 0.092533879999999999
 0.08399848
 0.076820250000000007
 0.069093860000000007
 0.062231210000000002
 0.056771299999999997
 0.050075750000000002
 0.044679209999999997
 0.039329780000000002
 0.033936859999999999
 0.028522889999999999
 0.02378566
 0.020059589999999999
 0.016110010000000001
 0.01282146
 0.00915469
 0.0067402800000000004
 0.0042749600000000004
 0.0016461900000000001
 0
 0
 0
 0
 0
 0


