# Created by Octave 7.3.0, Mon Oct 02 02:43:04 2023 UTC <jovyan@224710f94f77>
# name: C
# type: scalar
3


# name: Cex
# type: matrix
# rows: 47
# columns: 1
 250
 255
 260
 265
 270
 275
 280
 285
 290
 295
 300
 305
 310
 315
 320
 325
 330
 335
 340
 345
 350
 355
 360
 365
 370
 375
 380
 385
 390
 395
 400
 405
 410
 415
 420
 425
 430
 435
 440
 445
 450
 455
 460
 465
 470
 475
 480


# name: Cem
# type: matrix
# rows: 73
# columns: 1
 240
 245
 250
 255
 260
 265
 270
 275
 280
 285
 290
 295
 300
 305
 310
 315
 320
 325
 330
 335
 340
 345
 350
 355
 360
 365
 370
 375
 380
 385
 390
 395
 400
 405
 410
 415
 420
 425
 430
 435
 440
 445
 450
 455
 460
 465
 470
 475
 480
 485
 490
 495
 500
 505
 510
 515
 520
 525
 530
 535
 540
 545
 550
 555
 560
 565
 570
 575
 580
 585
 590
 595
 600


# name: Cex1
# type: matrix
# rows: 47
# columns: 1
 0.34331852000000002
 0.32906501999999999
 0.28769096999999999
 0.26466522999999997
 0.24401244
 0.23078041999999999
 0.21293456999999999
 0.20955019999999999
 0.19907432
 0.19247659
 0.18873803
 0.18526086
 0.17705889
 0.16904975999999999
 0.16039186999999999
 0.15304670000000001
 0.14514047999999999
 0.13987881999999999
 0.13279745000000001
 0.12472509
 0.11703798
 0.10893947
 0.10434201
 0.097068169999999995
 0.087944410000000001
 0.081125840000000005
 0.072068309999999997
 0.065877260000000007
 0.059999820000000002
 0.053777690000000003
 0.049356240000000003
 0.04403075
 0.039214659999999998
 0.034999240000000001
 0.032270569999999998
 0.030323989999999999
 0.027231000000000002
 0.025104600000000001
 0.02414291
 0.02298265
 0.020168640000000002
 0.01877738
 0.017039390000000001
 0.013970460000000001
 0.01313426
 0.01194422
 0.010080799999999999


# name: Cem1
# type: matrix
# rows: 73
# columns: 1
 0
 0
 0
 0
 0
 0
 0
 0
 0
 0
 0
 0
 0.0015712199999999999
 0.0012833199999999999
 0.00128429
 0.0040648799999999999
 0.0066531699999999999
 0.01090589
 0.016946550000000001
 0.024381670000000001
 0.03053558
 0.038675899999999999
 0.04592367
 0.054634490000000001
 0.062843540000000003
 0.072186509999999995
 0.080707970000000004
 0.091611639999999994
 0.10154436
 0.11450211
 0.12657458999999999
 0.14027597999999999
 0.15308548
 0.16458692
 0.17488097999999999
 0.18347626
 0.19107936
 0.19562884
 0.19892187
 0.20140978000000001
 0.20108174000000001
 0.20142151999999999
 0.19884054000000001
 0.19654940000000001
 0.19327343
 0.19042671
 0.18527600999999999
 0.17981628
 0.17495582000000001
 0.16816070999999999
 0.16244670999999999
 0.15706006
 0.1509559
 0.14589764
 0.14144396000000001
 0.13630423999999999
 0.13151534000000001
 0.12427758
 0.11974032
 0.11327039999999999
 0.10589664
 0.10062622
 0.09564367
 0.091139120000000004
 0.086004570000000002
 0.082719139999999997
 0.078428880000000006
 0.074258759999999993
 0.070031419999999997
 0.068345939999999994
 0.065132179999999998
 0.064582899999999999
 0.062316740000000002


# name: Cex2
# type: matrix
# rows: 47
# columns: 1
 0.23213676
 0.23794127000000001
 0.31171684999999999
 0.34771748000000002
 0.37694991999999999
 0.40262437000000001
 0.38113872999999998
 0.31665251
 0.25595190000000001
 0.17056761000000001
 0.10100716999999999
 0.065236000000000002
 0.057346620000000001
 0.049434359999999997
 0.047951109999999998
 0.042168089999999998
 0.037393000000000003
 0.025604180000000001
 0.019615629999999998
 0.015058139999999999
 0.0093777600000000006
 0.0060593399999999999
 0.0044101799999999997
 0.0025127000000000001
 0
 0
 0
 0
 0
 0
 0
 0
 0
 0
 0
 0
 0
 0
 0
 0
 0
 0
 0
 0
 0
 0
 0


# name: Cem2
# type: matrix
# rows: 73
# columns: 1
 0
 0.00019683999999999999
 0
 0
 0.054555470000000002
 0.094662029999999994
 0.12958337
 0.16076273999999999
 0.18522667000000001
 0.2013016
 0.21582061
 0.23504254999999999
 0.24901138
 0.25832945000000002
 0.25997220999999998
 0.26341128000000003
 0.25804482000000001
 0.24755157
 0.23122983
 0.21939729999999999
 0.19977531000000001
 0.16980142000000001
 0.1457319
 0.12673988999999999
 0.10616065
 0.09342868
 0.079247860000000003
 0.068137929999999999
 0.060383199999999998
 0.048800030000000001
 0.04216752
 0.036559109999999999
 0.030829479999999999
 0.02615056
 0.018599879999999999
 0.017781749999999999
 0.0095387800000000002
 0.0059030200000000001
 0.0012803700000000001
 0
 0
 0
 0
 0
 0
 0
 0
 0
 0
 0
 0
 0
 0
 0
 0
 0
 0.0010843700000000001
 0.0063086499999999998
 0.015154020000000001
 0.023326300000000001
 0.03236468
 0.041269439999999998
 0.05245731
 0.063033080000000005
 0.075689129999999993
 0.081543299999999999
 0.092716839999999995
 0.10606342000000001
 0.11164063
 0.11464044
 0.12951491000000001
 0.13144320000000001
 0.15127739000000001


# name: Cex3
# type: matrix
# rows: 47
# columns: 1
 0.74088792000000003
 0.49887744000000001
 0.32389213
 0.24858470999999999
 0.15842265
 0.071009320000000001
 0.052752359999999998
 0
 0
 0.0050048899999999997
 0.0069462200000000003
 0
 0
 0
 0
 0
 0
 0
 0
 0
 0
 0
 0.00044529999999999998
 0.00367593
 0.0063286200000000001
 0.0089850899999999994
 0.0094429300000000004
 0.01094788
 0.011835719999999999
 0.011454239999999999
 0.01047031
 0.01160769
 0.01166379
 0.011006
 0.01027249
 0.01022964
 0.0096778599999999999
 0.0094255299999999997
 0.0094253500000000007
 0.010787
 0.0097129299999999998
 0.00990248
 0.01068268
 0.00953385
 0.0098411100000000001
 0.01210921
 0.012435450000000001


# name: Cem3
# type: matrix
# rows: 73
# columns: 1
 0.0099929600000000004
 0.011302400000000001
 0
 0.083244380000000007
 0.12819630000000001
 0.16349354999999999
 0.18946292000000001
 0.20644963
 0.21905747
 0.23135836000000001
 0.23966793
 0.21078400999999999
 0.18916401999999999
 0.15787066
 0.16116288000000001
 0.14196019000000001
 0.12504873999999999
 0.12865346
 0.10670230999999999
 0.084773870000000001
 0.059606560000000003
 0.08684588
 0.061094299999999997
 0.074650110000000006
 0.080233509999999994
 0.074747969999999997
 0.065838880000000002
 0.05776481
 0.055578339999999997
 0.036472560000000001
 0.036298490000000003
 0.025967589999999999
 0.016953070000000001
 0.0064071400000000004
 0.00724612
 0.0049401499999999999
 0
 0
 0
 0
 0
 0
 0
 0
 0
 0
 0
 0
 0
 0
 0
 0
 0
 0
 0
 0
 0
 0
 0
 0
 0
 0
 0
 0
 0
 0
 0
 0
 0
 0
 0
 0
 0


