# Created by Octave 7.3.0, Fri Jan 26 20:52:56 2024 UTC <jovyan@224710f94f77>
# name: C
# type: scalar
4


# name: Cex
# type: matrix
# rows: 53
# columns: 1
 240
 245
 250
 255
 260
 265
 270
 275
 280
 285
 290
 295
 300
 305
 310
 315
 320
 325
 330
 335
 340
 345
 350
 355
 360
 365
 370
 375
 380
 385
 390
 395
 400
 405
 410
 415
 420
 425
 430
 435
 440
 445
 450
 455
 460
 465
 470
 475
 480
 485
 490
 495
 500


# name: Cem
# type: matrix
# rows: 153
# columns: 1
 248
 250
 252
 255
 257
 259
 261
 264
 266
 268
 270
 273
 275
 277
 279
 282
 284
 286
 288
 291
 293
 295
 297
 300
 302
 304
 307
 309
 311
 313
 316
 318
 320
 322
 325
 327
 329
 331
 334
 336
 338
 341
 343
 345
 347
 350
 352
 354
 357
 359
 361
 363
 366
 368
 370
 373
 375
 377
 379
 382
 384
 386
 389
 391
 393
 395
 398
 400
 402
 405
 407
 409
 412
 414
 416
 419
 421
 423
 425
 428
 430
 432
 435
 437
 439
 442
 444
 446
 449
 451
 453
 455
 458
 460
 462
 465
 467
 469
 472
 474
 476
 479
 481
 483
 486
 488
 490
 493
 495
 497
 500
 502
 504
 507
 509
 511
 514
 516
 518
 521
 523
 525
 528
 530
 532
 535
 537
 539
 542
 544
 546
 549
 551
 553
 556
 558
 560
 563
 565
 567
 570
 572
 574
 577
 579
 582
 584
 586
 589
 591
 593
 596
 598


# name: Cex1
# type: matrix
# rows: 53
# columns: 1
 0.32511121500000001
 0.33122412600000001
 0.31948723200000001
 0.29238652900000001
 0.259066827
 0.224575684
 0.19755947400000001
 0.17928672400000001
 0.16561083200000001
 0.15636823399999999
 0.151921259
 0.15225230000000001
 0.15534626300000001
 0.15822206999999999
 0.15860111499999999
 0.156422534
 0.152257431
 0.14797241699999999
 0.143711432
 0.13942811999999999
 0.13400203699999999
 0.127706599
 0.12080228599999999
 0.113474083
 0.106930237
 0.099454109999999998
 0.091688352000000001
 0.083976440999999999
 0.076746836999999998
 0.071020784000000003
 0.063113541999999995
 0.055371380999999997
 0.049278704
 0.043316872999999999
 0.037821888999999997
 0.033377152
 0.028868972999999999
 0.024781701
 0.021203374000000001
 0.017661304999999999
 0.014597473999999999
 0.012079174999999999
 0.010033868
 0.0080674530000000005
 0.0065610290000000003
 0.005258787
 0.0043607020000000002
 0.0036419920000000001
 0.0028534010000000002
 0.0022948489999999998
 0.001828589
 0.0014803290000000001
 0.0011837480000000001


# name: Cem1
# type: matrix
# rows: 153
# columns: 1
 0
 0
 0
 0
 0
 0
 0
 7.1978799999999996e-05
 0.00029410599999999998
 0.00021395799999999999
 0
 0
 0.00089492499999999997
 0.00051229599999999998
 0.0010000020000000001
 0.001078068
 0.00023152399999999999
 0
 0
 0
 0
 0
 0
 0
 0
 0
 0.00048731499999999999
 0.00068417200000000004
 0.0029042719999999998
 0.004083878
 0.0054603129999999996
 0.0069169729999999999
 0.0079155969999999999
 0.0064049090000000003
 0.0054305999999999998
 0.0056396789999999999
 0.0067029730000000001
 0.0094624789999999993
 0.0097353790000000006
 0.010754949999999999
 0.010549026
 0.011126438000000001
 0.013121644
 0.014628469999999999
 0.017878390000000001
 0.021560234000000001
 0.024348802999999999
 0.026746559999999999
 0.030555492
 0.032921875000000003
 0.037550440999999997
 0.041717697999999998
 0.046045872000000002
 0.051304297999999998
 0.055855461000000002
 0.061247797
 0.066833400000000001
 0.071769608999999998
 0.077489473000000003
 0.083322889999999997
 0.088195819999999994
 0.093202603999999994
 0.096989718000000003
 0.101416096
 0.104939136
 0.108276865
 0.111017661
 0.11350094199999999
 0.116065959
 0.121196968
 0.12417842
 0.127305048
 0.13003645799999999
 0.13218289899999999
 0.13462444700000001
 0.13607318299999999
 0.137588602
 0.13895697700000001
 0.14056063299999999
 0.14114880599999999
 0.14169943900000001
 0.14355022200000001
 0.14512262500000001
 0.14571700200000001
 0.145306308
 0.145750818
 0.14568102199999999
 0.14440705600000001
 0.14336970099999999
 0.14222507000000001
 0.13984808600000001
 0.140287617
 0.13838393600000001
 0.13789847199999999
 0.13650763899999999
 0.13450552599999999
 0.13218058899999999
 0.13131393299999999
 0.12942051800000001
 0.126970635
 0.124598388
 0.12251872799999999
 0.120228969
 0.118561526
 0.115758044
 0.114150512
 0.11181037200000001
 0.109177441
 0.106922248
 0.10280410700000001
 0.099100690000000005
 0.096452662999999994
 0.094040438000000004
 0.092471150000000002
 0.087372914999999995
 0.084669671000000002
 0.082037770999999995
 0.079151103
 0.076266156000000002
 0.073840314000000004
 0.071132083999999998
 0.068542045999999995
 0.066688167000000007
 0.063479137000000005
 0.061928248999999998
 0.060315093
 0.058615872999999999
 0.057075766999999999
 0.055318501999999999
 0.053076141
 0.051701770000000001
 0.049766647999999997
 0.048051707999999999
 0.045873657999999998
 0.043022640000000001
 0.042176211999999998
 0.040135771000000001
 0.038386974999999997
 0.037588982999999999
 0.035460087000000001
 0.034035819000000002
 0.032957131000000001
 0.030927375
 0.030605944999999999
 0.029636038
 0.028611278
 0.026665580000000001
 0.025842028999999999
 0.025412882000000001
 0.023756698999999999
 0.022706671000000001
 0.02175411
 0.021143193000000001


# name: Cex2
# type: matrix
# rows: 53
# columns: 1
 0.55382825400000002
 0.40297401399999999
 0.30702912300000001
 0.25676546500000003
 0.224365496
 0.19907445400000001
 0.190927658
 0.19661293499999999
 0.20816308
 0.21411814800000001
 0.20280527800000001
 0.16878042300000001
 0.129959727
 0.100091579
 0.079336162000000002
 0.065967066000000005
 0.058212736000000001
 0.050693021999999997
 0.042267921999999999
 0.032540094999999998
 0.020187673
 0.0070578469999999999
 0
 0
 0
 0
 0
 0
 0
 0
 0
 0
 0
 0
 0
 0
 0
 0
 0
 0
 0
 0
 0
 0
 0
 0
 0
 0
 0
 0
 0
 0
 0


