# Created by Octave 7.3.0, Sun Oct 22 22:56:10 2023 UTC <jovyan@224710f94f77>
# name: C
# type: scalar
4


# name: Cex
# type: matrix
# rows: 37
# columns: 1
 220
 225
 230
 235
 240
 245
 250
 255
 260
 265
 270
 275
 280
 285
 290
 295
 300
 305
 310
 315
 320
 325
 330
 335
 340
 345
 350
 355
 360
 365
 370
 375
 380
 385
 390
 395
 400


# name: Cem
# type: matrix
# rows: 96
# columns: 1
 260
 262
 264
 266
 268
 270
 272
 274
 276
 278
 280
 282
 284
 286
 288
 290
 292
 294
 296
 298
 300
 302
 304
 306
 308
 310
 312
 314
 316
 318
 320
 322
 324
 326
 328
 330
 332
 334
 336
 338
 340
 342
 344
 346
 348
 350
 352
 354
 356
 358
 360
 362
 364
 366
 368
 370
 372
 374
 376
 378
 380
 382
 384
 386
 388
 390
 392
 394
 396
 398
 400
 402
 404
 406
 408
 410
 412
 414
 416
 418
 420
 422
 424
 426
 428
 430
 432
 434
 436
 438
 440
 442
 444
 446
 448
 450


# name: Cex1
# type: matrix
# rows: 37
# columns: 1
 0.156853364
 0.20824262599999999
 0.28393249599999998
 0.36293509600000001
 0.36237212000000002
 0.30940454299999998
 0.26945541200000001
 0.21852316799999999
 0.18920777499999999
 0.15622685
 0.13739148900000001
 0.126167785
 0.123531399
 0.12502433099999999
 0.126778056
 0.123837851
 0.123797455
 0.12757569199999999
 0.12709031700000001
 0.12907669999999999
 0.12752065500000001
 0.12802432599999999
 0.12989003800000001
 0.122196403
 0.115498591
 0.1162957
 0.11097594199999999
 0.098943934999999997
 0.090361627
 0.085166200999999997
 0.083471173999999995
 0.064217784999999999
 0.072879393000000001
 0.050323347999999997
 0.039801098
 0.027350804999999999
 0.021520325


# name: Cem1
# type: matrix
# rows: 96
# columns: 1
 0
 0
 0
 0
 0.0050016319999999998
 0.00038609799999999998
 0.00075851499999999997
 0
 0
 0
 0
 0.0032790940000000002
 0.0047621119999999998
 0.000310079
 0
 0
 0.0025087590000000002
 0.001877613
 0.0047896730000000004
 0.0038476970000000002
 0.0054188489999999999
 0.0059958579999999997
 0.0044733530000000002
 0.0065705590000000001
 0.0083452720000000008
 0.013299864
 0.012382323000000001
 0.0099615869999999992
 0.010613193
 0.0049844549999999996
 0
 0
 0.00056090800000000004
 0.0077808260000000002
 0.012288509
 0.021301717000000001
 0.031693185999999998
 0.039587311
 0.044881977000000003
 0.047322938000000002
 0.055924789000000003
 0.063434666000000001
 0.072115598000000003
 0.084880146000000004
 0.087929532000000005
 0.096326782
 0.097693837000000006
 0.10155957
 0.107988548
 0.113677478
 0.117924761
 0.119365469
 0.122016683
 0.128122612
 0.12585671000000001
 0.12596206700000001
 0.132191897
 0.13614791200000001
 0.13914811799999999
 0.13882688300000001
 0.138217585
 0.13769398099999999
 0.14417656500000001
 0.14260720299999999
 0.141517584
 0.13760483900000001
 0.14064215199999999
 0.14278109899999999
 0.143631172
 0.14392458999999999
 0.147120422
 0.14846657899999999
 0.148862777
 0.14699411000000001
 0.14830843399999999
 0.14692031
 0.14605976000000001
 0.146237067
 0.14596157200000001
 0.145059628
 0.14297132900000001
 0.147585788
 0.14730069900000001
 0.146733959
 0.14472574099999999
 0.14614438199999999
 0.146712434
 0.14711243900000001
 0.146502628
 0.146449514
 0.144548486
 0.141020801
 0.138287032
 0.13884566300000001
 0.13582633399999999
 0.13263691899999999


# name: Cex2
# type: matrix
# rows: 37
# columns: 1
 0.65884799599999999
 0.52923929999999997
 0.38491605800000001
 0.18096548400000001
 0.094508256999999998
 0.112325723
 0.136902722
 0.159743512
 0.14166546599999999
 0.094406411999999995
 0.056233403000000001
 0.036080919000000003
 0.02597201
 0.024038513000000001
 0.017854393
 0.036133836000000003
 0.040850786
 0.021058236000000001
 0.020409521
 0.0108904
 0.009038407
 0.0048328049999999999
 0.0043148309999999999
 0.0022822540000000001
 0.0014896130000000001
 0.001920843
 0.0013874289999999999
 0.00038044499999999998
 0
 0
 0.000456759
 0
 0
 0
 0
 0
 0


# name: Cem2
# type: matrix
# rows: 96
# columns: 1
 0.12970783899999999
 0.13990695
 0.130151145
 0.11714530500000001
 0.117349945
 0.103032654
 0.11438686300000001
 0.153831474
 0.19291955999999999
 0.19241817
 0.178805984
 0.196549063
 0.21633163799999999
 0.21949370700000001
 0.21826448800000001
 0.230504135
 0.21689308400000001
 0.19705609199999999
 0.172961912
 0.16499512699999999
 0.15435758099999999
 0.15017899800000001
 0.15460911899999999
 0.14675732399999999
 0.129863478
 0.10783714799999999
 0.10412081300000001
 0.111270496
 0.114070448
 0.11805462
 0.122407406
 0.114752031
 0.100063208
 0.094607289999999997
 0.085409126000000002
 0.078996370999999996
 0.074837720999999996
 0.073369900000000002
 0.074151169000000003
 0.082301530999999997
 0.085676932999999997
 0.081908631999999995
 0.066156369000000007
 0.050785776999999997
 0.048666612999999997
 0.047269591
 0.053425263000000001
 0.058042729000000001
 0.053755926000000002
 0.047950532999999997
 0.044554479000000001
 0.045433121
 0.044926295999999998
 0.040622005000000003
 0.043047465
 0.044629638999999999
 0.040605220999999997
 0.040306749000000003
 0.043109296999999998
 0.048304490999999998
 0.046414700000000003
 0.041630815000000002
 0.034187514000000002
 0.036281841000000002
 0.041163863000000002
 0.047064986000000003
 0.044807742999999997
 0.042385285000000002
 0.041805327000000003
 0.042505217999999997
 0.039220692000000001
 0.037902236999999998
 0.040297457000000002
 0.041432416
 0.042714008999999997
 0.046315423000000001
 0.051060592000000002
 0.051638879999999998
 0.056584403999999998
 0.063127246999999997
 0.067421112000000005
 0.048609624999999997
 0.043400853000000003
 0.044735156999999998
 0.050561710000000003
 0.050193776000000002
 0.048535917999999997
 0.047242342
 0.048553271000000002
 0.048212014999999997
 0.045665737999999997
 0.051096043000000001
 0.050277333
 0.044551947000000001
 0.04090005
 0.036745426999999997


# name: Cex3
# type: matrix
# rows: 37
# columns: 1
 0.32834856299999998
 0.65721974800000005
 0.60656284000000005
 0.260412961
 0.110808716
 0.036185974000000003
 0.016334495000000001
 0.01570856
 0.020512582000000001
 0.030694348
 0.043716313999999999
 0.047623739999999998
 0.047433472999999997
 0.040881775000000002
 0.028465832999999999
 0.011838906
 0.00083747699999999999
 0
 0
 0
 0
 0
 0
 0
 0
 0
 0
 0
 0
 0
 0
 0
 0
 0
 0
 0
 0


# name: Cem3
# type: matrix
# rows: 96
# columns: 1
 0.034206062000000002
 0.0064667550000000002
 0.010050909
 0
 0
 0
 0
 0
 0
 0.00079870699999999995
 0.010902220000000001
 0.016408777999999999
 0.019779853999999999
 0.021367006000000001
 0.021663826000000001
 0.022275804
 0.025771704999999999
 0.026857408999999999
 0.037233429999999998
 0.038761200000000003
 0.037655589000000003
 0.034519590000000003
 0.02734309
 0.025649358000000001
 0.030327930999999999
 0.034469236
 0.032336342999999997
 0.030431811999999999
 0.038297375000000002
 0.058366721000000003
 0.095519844000000007
 0.14297167599999999
 0.19138945900000001
 0.21253254799999999
 0.229608125
 0.23149154499999999
 0.23685737400000001
 0.24594165900000001
 0.25828596599999998
 0.25930148400000003
 0.26129159099999999
 0.24916539200000001
 0.236988425
 0.225700706
 0.201910639
 0.18878544999999999
 0.17553421899999999
 0.163067722
 0.155580001
 0.142164815
 0.132344356
 0.11820499900000001
 0.108831724
 0.10040705599999999
 0.085342377999999997
 0.078012055999999996
 0.072272248999999997
 0.065022474999999996
 0.056713357999999998
 0.050449374999999998
 0.045724050000000002
 0.043256283
 0.041606078999999997
 0.036881909999999997
 0.031718006999999999
 0.028688307999999999
 0.029041542
 0.025758449999999999
 0.022062430000000001
 0.019657609999999999
 0.018575274999999999
 0.018678950999999999
 0.017182105999999999
 0.016437962
 0.015591167
 0.013633922
 0.0098306069999999999
 0.0080227040000000003
 0.0061480019999999996
 0.0049344239999999998
 0.0042781939999999999
 0.0073155609999999999
 0.0058158400000000001
 0.0058735059999999997
 0.0044476760000000002
 0.0038162000000000001
 0.00038771999999999998
 0
 0
 0
 0
 0
 0
 0
 0
 0


