# Created by Octave 7.3.0, Sun Oct 22 22:52:50 2023 UTC <jovyan@224710f94f77>
# name: C
# type: scalar
4


# name: Cex
# type: matrix
# rows: 41
# columns: 1
 250
 255
 260
 265
 270
 275
 280
 285
 290
 295
 300
 305
 310
 315
 320
 325
 330
 335
 340
 345
 350
 355
 360
 365
 370
 375
 380
 385
 390
 395
 400
 405
 410
 415
 420
 425
 430
 435
 440
 445
 450


# name: Cem
# type: matrix
# rows: 101
# columns: 1
 300
 302
 304
 306
 308
 310
 312
 314
 316
 318
 320
 322
 324
 326
 328
 330
 332
 334
 336
 338
 340
 342
 344
 346
 348
 350
 352
 354
 356
 358
 360
 362
 364
 366
 368
 370
 372
 374
 376
 378
 380
 382
 384
 386
 388
 390
 392
 394
 396
 398
 400
 402
 404
 406
 408
 410
 412
 414
 416
 418
 420
 422
 424
 426
 428
 430
 432
 434
 436
 438
 440
 442
 444
 446
 448
 450
 452
 454
 456
 458
 460
 462
 464
 466
 468
 470
 472
 474
 476
 478
 480
 482
 484
 486
 488
 490
 492
 494
 496
 498
 500


# name: Cex1
# type: matrix
# rows: 41
# columns: 1
 0.256207407
 0.264088987
 0.265046948
 0.25749643
 0.24300834299999999
 0.22310416
 0.20049299400000001
 0.18268952499999999
 0.171506986
 0.16386267199999999
 0.16018956300000001
 0.159514291
 0.16041275599999999
 0.16255104100000001
 0.16370406600000001
 0.16659020399999999
 0.166612015
 0.16948929600000001
 0.17090829099999999
 0.16995982400000001
 0.16678016600000001
 0.16488317199999999
 0.160926228
 0.15689078300000001
 0.14846701500000001
 0.139218707
 0.12857043800000001
 0.11691199100000001
 0.10052407100000001
 0.088375743000000007
 0.075538215000000006
 0.064557339000000005
 0.058819545000000001
 0.048540577000000001
 0.043998149
 0.037069288999999998
 0.032604838999999997
 0.027788386000000002
 0.022869278
 0.019063895000000001
 0.015019401999999999


# name: Cem1
# type: matrix
# rows: 101
# columns: 1
 0
 0
 0
 0
 0
 0
 0
 0
 0
 0.000108955
 0
 0
 0
 0
 0
 0
 0
 0
 0
 0
 0
 0
 0
 0
 0
 0
 0
 0
 0
 0
 0
 0
 0
 0
 0
 0
 0
 0
 0
 0
 0
 0
 0.00072158400000000005
 0.0040207120000000001
 0.0077273790000000004
 0.012680893
 0.017555331
 0.022704396000000002
 0.028705499999999998
 0.033889089999999997
 0.040003159000000003
 0.045330648000000001
 0.050981007000000002
 0.056828302999999997
 0.062739785000000006
 0.068273531999999998
 0.074163168000000002
 0.080412752000000004
 0.086089901999999996
 0.092528850999999995
 0.098072572999999996
 0.10423982800000001
 0.11000278500000001
 0.114864153
 0.120546321
 0.12592940999999999
 0.13174386099999999
 0.13710527
 0.14121689900000001
 0.14575243199999999
 0.149053608
 0.151968042
 0.15423213699999999
 0.15587883999999999
 0.15785833899999999
 0.15907257999999999
 0.16039825099999999
 0.16163771900000001
 0.16259132300000001
 0.16185505
 0.160283705
 0.15964630499999999
 0.16092167399999999
 0.16219135700000001
 0.16326130599999999
 0.16405815400000001
 0.16486994999999999
 0.16532607299999999
 0.165401304
 0.16539990099999999
 0.165597722
 0.16524108100000001
 0.16482987900000001
 0.16415458799999999
 0.163275012
 0.162459778
 0.16062449500000001
 0.15854438600000001
 0.15585196600000001
 0.15299863899999999
 0.150404752


# name: Cex2
# type: matrix
# rows: 41
# columns: 1
 0.24523851399999999
 0.223039869
 0.19696049500000001
 0.17395672100000001
 0.171577648
 0.16321255900000001
 0.19144350199999999
 0.20942682600000001
 0.24004145099999999
 0.25663709099999998
 0.26805574100000001
 0.27308742499999999
 0.27276265799999999
 0.26519668400000002
 0.24498081099999999
 0.232723337
 0.21137977599999999
 0.18883815400000001
 0.16594499400000001
 0.13537329100000001
 0.11464387299999999
 0.090369193
 0.070530591000000004
 0.047206534000000001
 0.029605699999999999
 0.0075896130000000003
 0
 0
 0
 0
 0
 0
 0
 0
 0
 0
 0
 0
 0
 0
 0


# name: Cem2
# type: matrix
# rows: 101
# columns: 1
 0
 0
 0
 0
 0
 0
 0
 0
 0
 0.0023284170000000002
 0.0082241299999999996
 0.010635468
 0.013587711000000001
 0.019383568
 0.022722850999999999
 0.027240608999999999
 0.030817582999999999
 0.033995628999999999
 0.038248198999999997
 0.042368707999999998
 0.045967632000000001
 0.049785625999999999
 0.054480497000000003
 0.058405368999999999
 0.063629775
 0.068432613000000003
 0.073647271
 0.078177867999999998
 0.081727452000000006
 0.087557613000000006
 0.092862229000000004
 0.099025038999999995
 0.10575208799999999
 0.11071246799999999
 0.117208991
 0.123233045
 0.13014160699999999
 0.136696599
 0.14295023600000001
 0.15009520700000001
 0.156983241
 0.164134369
 0.17066113399999999
 0.17380103999999999
 0.17584322099999999
 0.175968866
 0.176640881
 0.177245922
 0.17653716999999999
 0.17613569200000001
 0.174544537
 0.17378880499999999
 0.172562728
 0.170522174
 0.16814369700000001
 0.16627318199999999
 0.16384201800000001
 0.16066515100000001
 0.157611948
 0.15330538399999999
 0.149576826
 0.14477602000000001
 0.14013609699999999
 0.13600416900000001
 0.13070875600000001
 0.124319075
 0.117404289
 0.110640286
 0.104302706
 0.096924508000000006
 0.091169130000000001
 0.085598489999999999
 0.080664649000000005
 0.076513531999999995
 0.071346232999999995
 0.067004836999999998
 0.062609983999999994
 0.058303187999999999
 0.054609750999999998
 0.051534465000000002
 0.049126305000000002
 0.046239289000000003
 0.042588419000000002
 0.038961398000000001
 0.034948967999999997
 0.031198692
 0.027779676999999999
 0.024479631000000002
 0.021081293000000001
 0.018011227000000001
 0.015401115999999999
 0.012323618
 0.0094041820000000005
 0.0067882389999999997
 0.0045968880000000004
 0.0024388460000000002
 0.000691276
 0
 0
 0
 0


# name: Cex3
# type: matrix
# rows: 41
# columns: 1
 0.52860375900000001
 0.45623838700000002
 0.39170625199999998
 0.32028711399999998
 0.24727605599999999
 0.203748073
 0.157580098
 0.13886137300000001
 0.122999278
 0.113868211
 0.11269707299999999
 0.105350296
 0.098848452000000003
 0.091251571000000004
 0.084735114
 0.077379282999999993
 0.073985515000000002
 0.068974555000000007
 0.061667323000000003
 0.060387844000000003
 0.054060530000000002
 0.045982029000000001
 0.035930276999999997
 0.034461786000000001
 0.025748420000000001
 0.020952142
 0.013280121000000001
 0
 0
 0
 0
 0
 0
 0
 0
 0
 0
 0
 0
 0
 0


# name: Cem3
# type: matrix
# rows: 101
# columns: 1
 0
 0
 0
 0
 0
 0
 0
 0
 0.0011698030000000001
 0.001306754
 0.00030044199999999999
 0.00057232799999999999
 0.0013392549999999999
 0.0014165709999999999
 0.002005752
 0.0018339509999999999
 0.002111819
 0.0032486479999999998
 0.0042650789999999997
 0.0055619609999999998
 0.0069247739999999999
 0.0087106419999999993
 0.010767799
 0.013321739000000001
 0.015877570000000001
 0.018525570000000002
 0.021736690999999999
 0.025600077999999998
 0.029652571999999999
 0.033909870000000002
 0.038547482000000001
 0.043366146000000001
 0.048057094000000002
 0.053214589
 0.058405723
 0.063469462000000004
 0.068221027000000004
 0.073238297999999993
 0.078337957
 0.083641981000000004
 0.088705161000000005
 0.093968251000000003
 0.098879081999999993
 0.10281568000000001
 0.103636276
 0.10313839599999999
 0.10443078
 0.108763178
 0.112529911
 0.116513011
 0.119970822
 0.123521933
 0.126867171
 0.130285233
 0.13376460200000001
 0.13729539700000001
 0.14113453500000001
 0.14565072600000001
 0.15039804900000001
 0.15400111499999999
 0.156759386
 0.15868902700000001
 0.160749482
 0.16324383200000001
 0.16540882000000001
 0.167238638
 0.168251717
 0.16858315199999999
 0.168892184
 0.168334082
 0.166918447
 0.16448058700000001
 0.160951438
 0.15604230699999999
 0.150119422
 0.144198093
 0.137519006
 0.13062036499999999
 0.124299853
 0.11381891500000001
 0.101964944
 0.093940471999999997
 0.092072474000000001
 0.091036016999999997
 0.090778237999999997
 0.090457254000000001
 0.090329243000000004
 0.090935679000000005
 0.091829593000000001
 0.092356314999999994
 0.092053744000000007
 0.092319494000000002
 0.092419134999999999
 0.092474983999999996
 0.092297581000000004
 0.091475267999999998
 0.092631162000000003
 0.091788069999999999
 0.091130685000000003
 0.090565882
 0.089401060000000004


