# Created by Octave 7.3.0, Sun Oct 22 02:38:33 2023 UTC <jovyan@224710f94f77>
# name: C
# type: scalar
5


# name: Cex
# type: matrix
# rows: 37
# columns: 1
 220
 225
 230
 235
 240
 245
 250
 255
 260
 265
 270
 275
 280
 285
 290
 295
 300
 305
 310
 315
 320
 325
 330
 335
 340
 345
 350
 355
 360
 365
 370
 375
 380
 385
 390
 395
 400


# name: Cem
# type: matrix
# rows: 68
# columns: 1
 280
 284
 288
 292
 296
 300
 304
 308
 312
 316
 320
 324
 328
 332
 336
 340
 344
 348
 352
 356
 360
 364
 368
 372
 376
 380
 384
 388
 392
 396
 400
 404
 408
 412
 416
 420
 424
 428
 432
 436
 440
 444
 448
 452
 456
 460
 464
 468
 472
 476
 480
 484
 488
 492
 496
 500
 504
 508
 512
 516
 520
 524
 528
 532
 536
 540
 544
 548


# name: Cex1
# type: matrix
# rows: 37
# columns: 1
 0.16575300000000001
 0.109532
 0.072939000000000004
 0.086872000000000005
 0.14785499999999999
 0.22339800000000001
 0.285499
 0.28798899999999999
 0.33524199999999998
 0.35967100000000002
 0.35779499999999997
 0.33729700000000001
 0.28809600000000002
 0.24912300000000001
 0.19525699999999999
 0.17525199999999999
 0.113681
 0.028396999999999999
 0.016695000000000002
 0.001103
 0
 0
 0
 0
 0
 0
 0
 0
 0
 0
 0
 0
 0
 0
 0
 0
 1.5699999999999999e-07


# name: Cem1
# type: matrix
# rows: 68
# columns: 1
 0.0016850000000000001
 0
 0
 0.003627
 0.042501999999999998
 0.21157999999999999
 0.35465799999999997
 0.36277799999999999
 0.38705600000000001
 0.40061999999999998
 0.35731200000000002
 0.29862100000000003
 0.24798899999999999
 0.198681
 0.15695100000000001
 0.120755
 0.099625000000000005
 0.086106000000000002
 0.064323000000000005
 0.048124
 0.037732000000000002
 0.036214999999999997
 0.028131
 0.018845000000000001
 0.014900999999999999
 0.013642
 0.011879000000000001
 0.0072649999999999998
 0.0031380000000000002
 0.001843
 0.0020439999999999998
 0.001694
 0.000193
 0
 0
 0
 0
 0
 0
 0.00062399999999999999
 0.00068900000000000005
 0.0016479999999999999
 0.0017240000000000001
 0.0064409999999999997
 0.0062789999999999999
 0.0054219999999999997
 0.0062090000000000001
 0.006097
 0.0055209999999999999
 0.0052249999999999996
 0.0065719999999999997
 0.0044780000000000002
 0.0047670000000000004
 0.003058
 0.0029120000000000001
 0.0044970000000000001
 0.001189
 0.001725
 0
 0
 0.001691
 0
 0
 0
 0
 8.6300000000000004e-06
 0
 0


# name: Cex2
# type: matrix
# rows: 37
# columns: 1
 0.55221600000000004
 0.63998500000000003
 0.44279299999999999
 0.18689700000000001
 0.062823000000000004
 0.019467000000000002
 0.0077120000000000001
 0
 0
 0.020893999999999999
 0.060314
 0.100496
 0.12463
 0.113681
 0.082683000000000006
 0.024958999999999999
 0
 0
 0
 0.00056099999999999998
 0.0021640000000000001
 0
 0.0012669999999999999
 0
 0
 0
 0
 0
 0
 0
 0.00038400000000000001
 0
 0
 0
 0
 0
 0


# name: Cem2
# type: matrix
# rows: 68
# columns: 1
 0.013006
 0.022196
 0.033951000000000002
 0.048819000000000001
 0.066369999999999998
 0.086586999999999997
 0.11361400000000001
 0.13833699999999999
 0.16883500000000001
 0.20500599999999999
 0.25318600000000002
 0.28806799999999999
 0.29706100000000002
 0.29902699999999999
 0.30465999999999999
 0.29399199999999998
 0.26822800000000002
 0.24183399999999999
 0.21974099999999999
 0.196543
 0.171676
 0.149702
 0.13039500000000001
 0.11479499999999999
 0.101381
 0.090541999999999997
 0.081044000000000005
 0.074749999999999997
 0.069384000000000001
 0.065420000000000006
 0.062281000000000003
 0.059302000000000001
 0.057102
 0.054931000000000001
 0.052516
 0.050798999999999997
 0.050499000000000002
 0.050168999999999998
 0.048300999999999997
 0.047423
 0.054904000000000001
 0.054063
 0.058619999999999998
 0.004084
 0.0043270000000000001
 0.010928999999999999
 0
 0
 0
 0
 0
 0
 0
 0
 0
 0
 0
 0
 0
 0
 0
 0
 0
 0
 0
 0
 0.00021800000000000001
 0.00027300000000000002


# name: Cex3
# type: matrix
# rows: 37
# columns: 1
 0.034140999999999998
 0.083160999999999999
 0.16558700000000001
 0.23649200000000001
 0.27098899999999998
 0.25620700000000002
 0.23316700000000001
 0.20383100000000001
 0.19273499999999999
 0.190162
 0.19419900000000001
 0.196829
 0.20261799999999999
 0.20971000000000001
 0.21850600000000001
 0.219942
 0.218995
 0.21834899999999999
 0.213509
 0.21191699999999999
 0.20236100000000001
 0.18592500000000001
 0.16633300000000001
 0.14371999999999999
 0.119795
 0.094794000000000003
 0.073296
 0.051344000000000001
 0.03288
 0.016050999999999999
 0.0032669999999999999
 0
 0
 0
 0
 0
 0


# name: Cem3
# type: matrix
# rows: 68
# columns: 1
 0
 0.0043290000000000004
 0.0067380000000000001
 0.0091520000000000004
 0.011135000000000001
 0.014711
 0.012272
 0.0023219999999999998
 0
 0
 0
 0
 0.010716
 0.026803
 0.044102000000000002
 0.064383999999999997
 0.082879999999999995
 0.10347099999999999
 0.12138599999999999
 0.140541
 0.16012799999999999
 0.17893899999999999
 0.19497200000000001
 0.210396
 0.21809200000000001
 0.22339300000000001
 0.23091
 0.23313
 0.23325799999999999
 0.23339299999999999
 0.23141900000000001
 0.22803300000000001
 0.22311
 0.215369
 0.204509
 0.192969
 0.182145
 0.17083999999999999
 0.160215
 0.14977699999999999
 0.13652
 0.126971
 0.116387
 0.10503800000000001
 0.096906999999999993
 0.088862999999999998
 0.074343000000000006
 0.068520999999999999
 0.050894000000000002
 0.046054999999999999
 0.045072000000000001
 0.026446999999999998
 0.024784
 0.010404
 0.0093069999999999993
 0.0079070000000000008
 0.001158
 0.00027500000000000002
 0
 0
 0
 0
 0
 0.000233
 0
 0
 0.0021359999999999999
 0.00060999999999999997


# name: Cex4
# type: matrix
# rows: 37
# columns: 1
 0
 0.033861000000000002
 0.148535
 0.16366900000000001
 0.119964
 0.109344
 0.12875
 0.17576800000000001
 0.238954
 0.31146499999999999
 0.37313099999999999
 0.411186
 0.40749999999999997
 0.35683300000000001
 0.27222200000000002
 0.17655799999999999
 0.103577
 0.056529999999999997
 0.032626000000000002
 0.011089
 0
 0
 0
 0
 0
 0
 0
 0
 0
 0
 0
 0
 0
 0.00012899999999999999
 0.00035100000000000002
 0.00013899999999999999
 0.00012


# name: Cem4
# type: matrix
# rows: 68
# columns: 1
 0.021602
 0.011351999999999999
 0.023421999999999998
 0.038859999999999999
 0.058599999999999999
 0.084746000000000002
 0.113707
 0.148142
 0.18147199999999999
 0.21729399999999999
 0.24588699999999999
 0.27357500000000001
 0.29387799999999997
 0.30340400000000001
 0.30193599999999998
 0.29415599999999997
 0.28079500000000002
 0.260936
 0.240201
 0.216783
 0.192325
 0.166072
 0.14338200000000001
 0.12195499999999999
 0.10041600000000001
 0.079583000000000001
 0.063538999999999998
 0.049024999999999999
 0.037236999999999999
 0.025968999999999999
 0.01652
 0.0084670000000000006
 0.0032980000000000002
 0
 0
 0
 0
 0
 0
 0
 0
 0
 0
 0.0087980000000000003
 0.0097400000000000004
 0.010957
 0.010217
 0.010913000000000001
 0.01111
 0.010970000000000001
 0.01018
 0.011646
 0.011254
 0.014468999999999999
 0.013958999999999999
 0.014404
 0.015620999999999999
 0.015668000000000001
 0.014246999999999999
 0.013485
 0.016212000000000001
 0.010102999999999999
 0.011606999999999999
 0.0057710000000000001
 0.0060130000000000001
 0.014141000000000001
 2.6400000000000001e-05
 0.0034489999999999998


# name: Cex5
# type: matrix
# rows: 37
# columns: 1
 0
 0
 0
 0.067683999999999994
 0.13001699999999999
 0.194329
 0.219532
 0.24263699999999999
 0.242866
 0.24117
 0.22861300000000001
 0.210204
 0.18257499999999999
 0.15482599999999999
 0.127835
 0.11022800000000001
 0.101175
 0.099279000000000006
 0.10617799999999999
 0.112973
 0.127086
 0.145977
 0.165242
 0.182425
 0.195359
 0.20506099999999999
 0.21006
 0.21383099999999999
 0.21392
 0.20952100000000001
 0.19675500000000001
 0.17263800000000001
 0.147538
 0.12509000000000001
 0.107492
 0.092237
 0.079991999999999994


