# Created by Octave 7.3.0, Mon Oct 02 02:13:31 2023 UTC <jovyan@224710f94f77>
# name: C
# type: scalar
5


# name: Cex
# type: matrix
# rows: 106
# columns: 1
 240
 242
 244
 246
 248
 250
 252
 254
 256
 258
 260
 262
 264
 266
 268
 270
 272
 274
 276
 278
 280
 282
 284
 286
 288
 290
 292
 294
 296
 298
 300
 302
 304
 306
 308
 310
 312
 314
 316
 318
 320
 322
 324
 326
 328
 330
 332
 334
 336
 338
 340
 342
 344
 346
 348
 350
 352
 354
 356
 358
 360
 362
 364
 366
 368
 370
 372
 374
 376
 378
 380
 382
 384
 386
 388
 390
 392
 394
 396
 398
 400
 402
 404
 406
 408
 410
 412
 414
 416
 418
 420
 422
 424
 426
 428
 430
 432
 434
 436
 438
 440
 442
 444
 446
 448
 450


# name: Cem
# type: matrix
# rows: 176
# columns: 1
 248
 250
 252
 254
 256
 258
 260
 262
 264
 266
 268
 270
 272
 274
 276
 278
 280
 282
 284
 286
 288
 290
 292
 294
 296
 298
 300
 302
 304
 306
 308
 310
 312
 314
 316
 318
 320
 322
 324
 326
 328
 330
 332
 334
 336
 338
 340
 342
 344
 346
 348
 350
 352
 354
 356
 358
 360
 362
 364
 366
 368
 370
 372
 374
 376
 378
 380
 382
 384
 386
 388
 390
 392
 394
 396
 398
 400
 402
 404
 406
 408
 410
 412
 414
 416
 418
 420
 422
 424
 426
 428
 430
 432
 434
 436
 438
 440
 442
 444
 446
 448
 450
 452
 454
 456
 458
 460
 462
 464
 466
 468
 470
 472
 474
 476
 478
 480
 482
 484
 486
 488
 490
 492
 494
 496
 498
 500
 502
 504
 506
 508
 510
 512
 514
 516
 518
 520
 522
 524
 526
 528
 530
 532
 534
 536
 538
 540
 542
 544
 546
 548
 550
 552
 554
 556
 558
 560
 562
 564
 566
 568
 570
 572
 574
 576
 578
 580
 582
 584
 586
 588
 590
 592
 594
 596
 598


# name: Cex1
# type: matrix
# rows: 106
# columns: 1
 0.04604743
 0.050633829999999998
 0.056650109999999997
 0.065776600000000005
 0.077922210000000006
 0.095482460000000005
 0.1151108
 0.12200559
 0.12434281
 0.12781463000000001
 0.12481730000000001
 0.12627809000000001
 0.12736544
 0.12550596999999999
 0.12511327
 0.12374082
 0.12381221000000001
 0.12353791
 0.12184897
 0.11766827000000001
 0.11544217
 0.11281218
 0.11030676
 0.10845215
 0.10521611
 0.10427359
 0.10365199999999999
 0.10274156
 0.10371321
 0.10539316
 0.10739524
 0.10960523
 0.11262058
 0.11607454
 0.11915277000000001
 0.12293933999999999
 0.12553595000000001
 0.12853966
 0.13196529000000001
 0.13406486000000001
 0.13759752
 0.13733448000000001
 0.13794069
 0.1384475
 0.13896975
 0.13980728000000001
 0.14059436
 0.14150584999999999
 0.14198090999999999
 0.14187937
 0.14128627999999999
 0.14016386
 0.13889834000000001
 0.13660842000000001
 0.13439381
 0.13155078000000001
 0.12882013
 0.12571926
 0.12300396
 0.12016693000000001
 0.11700190000000001
 0.11377482
 0.11026207
 0.10613807
 0.10166955
 0.097288910000000006
 0.092073180000000004
 0.086536600000000005
 0.081704269999999996
 0.075686359999999994
 0.070748729999999996
 0.064859890000000003
 0.059593199999999999
 0.054340810000000003
 0.050019029999999999
 0.046384509999999997
 0.041666389999999998
 0.038310549999999999
 0.03474522
 0.031678440000000002
 0.02827841
 0.02494888
 0.02207599
 0.019298760000000002
 0.017035459999999999
 0.01503317
 0.012623570000000001
 0.0110791
 0.0092195799999999998
 0.0075153199999999998
 0.0060695100000000002
 0.0047719299999999997
 0.0030396899999999998
 0.0016755100000000001
 0.00085472
 0
 0
 0
 0
 0
 0
 0
 0
 0
 0
 0


# name: Cem1
# type: matrix
# rows: 176
# columns: 1
 0
 0
 0
 0
 0
 0
 0
 0
 0
 0
 0
 0
 0
 0
 0
 0
 0
 0
 0
 0
 0
 0
 0
 0
 0
 0
 0
 0
 1e-08
 0
 1.1999999999999999e-07
 0
 8.9999999999999996e-07
 0
 8.8000000000000004e-07
 1.172e-05
 0
 0.00068649
 0.0021031299999999999
 0.0037028600000000001
 0.0039456400000000003
 0.0025613300000000001
 0.0015593899999999999
 6.3319999999999997e-05
 0
 2.5959999999999999e-05
 0
 2.9699999999999999e-06
 0
 1.8e-07
 0
 0
 0
 0
 0
 2e-08
 0
 1.4999999999999999e-07
 0
 0
 3.6500000000000002e-06
 0
 6.9029999999999995e-05
 0
 0.00116887
 0.0049533399999999997
 0.00834499
 0.01297338
 0.01958671
 0.02480052
 0.029745359999999998
 0.035238430000000001
 0.041194410000000001
 0.04768406
 0.053920580000000003
 0.060778350000000002
 0.067587040000000001
 0.075493290000000005
 0.082530699999999999
 0.09053406
 0.10001214
 0.10768773
 0.11565118000000001
 0.12459856
 0.13361797
 0.14175392000000001
 0.15021783999999999
 0.15923398999999999
 0.16665279999999999
 0.17291406000000001
 0.18093832000000001
 0.18444207000000001
 0.18636554
 0.18882882000000001
 0.19039228999999999
 0.19124743999999999
 0.19268885999999999
 0.1935357
 0.1940771
 0.19433025000000001
 0.19334344000000001
 0.19245140999999999
 0.19091087000000001
 0.18767650999999999
 0.18513494
 0.18173786
 0.17724988
 0.17287197000000001
 0.16734363999999999
 0.16086094000000001
 0.15497146000000001
 0.14877149000000001
 0.14149628
 0.13538834
 0.12942459000000001
 0.12303161999999999
 0.11673066
 0.11081515
 0.10515425
 0.099584400000000003
 0.094090359999999998
 0.088921219999999995
 0.083931359999999997
 0.079215569999999999
 0.074674829999999998
 0.070233539999999997
 0.066515560000000001
 0.06274478
 0.058799659999999997
 0.054973870000000001
 0.051418930000000002
 0.048036269999999999
 0.044762259999999998
 0.041843119999999998
 0.039226770000000001
 0.035413630000000001
 0.033440730000000002
 0.031071979999999999
 0.027290869999999998
 0.025145600000000001
 0.022001739999999999
 0.020209939999999999
 0.01804304
 0.01572235
 0.01357074
 0.011956049999999999
 0.011421890000000001
 0.01011104
 0.0080533400000000008
 0.0065242299999999998
 0.0056077000000000002
 0.0045553800000000004
 0.0034459600000000001
 0.0025823500000000002
 0.0012166099999999999
 0.00066335000000000005
 0.00020254
 0
 1.4759999999999999e-05
 0
 5.9999999999999995e-08
 2.8000000000000002e-07
 0
 7.0000000000000005e-08
 0
 1e-08
 0
 0
 0
 0
 0
 0
 0
 0
 0
 0


# name: Cex2
# type: matrix
# rows: 106
# columns: 1
 0.032055439999999998
 0.037035279999999997
 0.042461690000000003
 0.050099959999999999
 0.059646520000000001
 0.077468449999999994
 0.097333760000000005
 0.10548937999999999
 0.11072628
 0.11591453
 0.12293867999999999
 0.12811249999999999
 0.13200083000000001
 0.13694555
 0.13943274999999999
 0.14811400999999999
 0.14609727
 0.14932593999999999
 0.14641726999999999
 0.14220909000000001
 0.13730165999999999
 0.13197143
 0.12868917999999999
 0.12323811
 0.11735205999999999
 0.11213629
 0.10683146
 0.10104713
 0.09715849
 0.09406159
 0.092128379999999996
 0.089694369999999995
 0.088227479999999997
 0.087717110000000001
 0.087195480000000006
 0.087491659999999999
 0.087709980000000007
 0.088756059999999998
 0.09014991
 0.091054930000000006
 0.092942620000000004
 0.092830259999999998
 0.093537040000000002
 0.094112879999999996
 0.094746490000000003
 0.095639150000000006
 0.096881720000000005
 0.098240969999999997
 0.099573049999999996
 0.10031834000000001
 0.1010566
 0.10157463
 0.10235299
 0.10257701
 0.10300612000000001
 0.10308009
 0.10341694
 0.1038408
 0.10436455
 0.10517213
 0.10583343000000001
 0.10701584
 0.10791703
 0.10821936
 0.10835812
 0.10828925
 0.10781209999999999
 0.10597404000000001
 0.10541167
 0.10425331
 0.10427847
 0.10189373
 0.10070231
 0.098557409999999998
 0.09778684
 0.097737580000000004
 0.095484159999999998
 0.094688599999999998
 0.093856780000000001
 0.093083910000000006
 0.091817259999999998
 0.089546000000000001
 0.086940600000000007
 0.084661710000000001
 0.082524899999999998
 0.080878779999999997
 0.079397839999999997
 0.077122330000000003
 0.075665750000000004
 0.074644619999999995
 0.07341897
 0.071393810000000002
 0.069741079999999997
 0.068218180000000003
 0.066339830000000002
 0.064216220000000004
 0.06105994
 0.058144410000000001
 0.054982070000000001
 0.052461809999999998
 0.049722339999999997
 0.047352569999999997
 0.044883550000000001
 0.042842709999999999
 0.040627299999999998
 0.038901440000000002


