# Created by Octave 7.3.0, Sat Oct 14 02:32:55 2023 UTC <jovyan@224710f94f77>
# name: C
# type: scalar
5


# name: Cex
# type: matrix
# rows: 28
# columns: 1
 260
 265
 275
 280
 290
 295
 300
 305
 310
 315
 320
 325
 330
 335
 340
 345
 350
 355
 360
 370
 380
 390
 400
 410
 420
 430
 440
 450


# name: Cem
# type: matrix
# rows: 49
# columns: 1
 310
 315
 320
 325
 330
 335
 340
 345
 350
 355
 360
 365
 370
 375
 380
 385
 390
 395
 400
 405
 410
 415
 420
 425
 430
 435
 440
 445
 450
 455
 460
 465
 470
 475
 480
 485
 490
 495
 500
 505
 510
 515
 520
 525
 530
 535
 540
 545
 550


# name: Cex1
# type: matrix
# rows: 28
# columns: 1
 0.36684633999999999
 0.35061118000000002
 0.29052981
 0.26930810999999999
 0.22445398999999999
 0.21135855000000001
 0.19970183999999999
 0.18824827999999999
 0.18021825
 0.17437878000000001
 0.17074407999999999
 0.1668172
 0.16576340000000001
 0.1646734
 0.16386020000000001
 0.16089207
 0.15968360000000001
 0.15820158000000001
 0.15842194000000001
 0.15683263
 0.14925868
 0.13924116
 0.12641074999999999
 0.10946031000000001
 0.090176999999999993
 0.07110089
 0.056311699999999999
 0.042251709999999998


# name: Cem1
# type: matrix
# rows: 49
# columns: 1
 0
 0
 0
 0
 0
 0
 0
 0
 0
 0
 0
 0.0012815599999999999
 0
 0
 0
 0
 0
 0
 0
 0
 0
 0.0063280100000000002
 0.025858019999999999
 0.036309010000000003
 0.05518348
 0.078055040000000006
 0.10328283000000001
 0.12394964999999999
 0.14294128
 0.16807098000000001
 0.18196359000000001
 0.19774559
 0.20706141
 0.21728891
 0.22431095000000001
 0.23158181
 0.23520658999999999
 0.23809237999999999
 0.23921482999999999
 0.24330229
 0.24274091
 0.23687774
 0.23301946000000001
 0.22789079000000001
 0.21724732999999999
 0.20848775999999999
 0.19932064999999999
 0.19133301999999999
 0.17657054


# name: Cex2
# type: matrix
# rows: 28
# columns: 1
 0.39163456000000002
 0.35018278000000003
 0.27963122000000001
 0.27055631000000002
 0.25518803000000001
 0.25741014000000001
 0.25778074000000001
 0.26026249000000001
 0.25371123000000001
 0.2419847
 0.22676067
 0.20416307
 0.17828801999999999
 0.15324552999999999
 0.12786207999999999
 0.10178577
 0.07237449
 0.05197338
 0.032566900000000003
 0.00479234
 0
 0
 0
 0
 0
 0
 0
 0


# name: Cem2
# type: matrix
# rows: 49
# columns: 1
 0
 0
 0
 0
 0
 0
 0
 0
 0.01412307
 0.028401269999999999
 0.050471439999999999
 0.068725010000000003
 0.093110170000000006
 0.11514029000000001
 0.13736482999999999
 0.16211506000000001
 0.18280567
 0.20404977999999999
 0.22545603
 0.24453741000000001
 0.25954426000000003
 0.26531058000000002
 0.26396280999999999
 0.26436827000000002
 0.25700216999999997
 0.25047636000000001
 0.23682695000000001
 0.22497712
 0.20903478
 0.19326939000000001
 0.17622069000000001
 0.15822754
 0.14158362999999999
 0.12679206000000001
 0.11089652999999999
 0.097374160000000001
 0.086069290000000007
 0.075988159999999999
 0.065625790000000003
 0.05829351
 0.051435450000000001
 0.044801519999999997
 0.040546730000000003
 0.035549079999999997
 0.032041899999999998
 0.02566659
 0.021431470000000001
 0.01916414
 0.012375529999999999


# name: Cex3
# type: matrix
# rows: 28
# columns: 1
 0.23541300000000001
 0.22200138999999999
 0.23848161000000001
 0.26092061999999999
 0.30483521000000002
 0.31876777000000001
 0.32804350999999998
 0.31838191999999998
 0.30244932000000002
 0.27756841999999998
 0.24981816000000001
 0.21751857999999999
 0.18471899
 0.15634951
 0.12471003999999999
 0.09345473
 0.061126050000000001
 0.039545650000000002
 0.020707150000000001
 0
 0
 0
 0
 0
 0.0010525300000000001
 0
 0
 0


# name: Cem3
# type: matrix
# rows: 49
# columns: 1
 0
 0
 0.0019220299999999999
 0
 0.00055734000000000003
 0.01735946
 0.035604280000000002
 0.062132430000000002
 0.084827429999999995
 0.10093874
 0.12807751000000001
 0.15043364000000001
 0.17467741000000001
 0.19982809000000001
 0.22138008000000001
 0.24405212000000001
 0.25815094999999999
 0.26878211000000002
 0.27517190000000002
 0.27797462000000001
 0.27451203000000002
 0.26319017
 0.24601829
 0.2305555
 0.21249351
 0.19550113
 0.17470461000000001
 0.15684672
 0.13853695999999999
 0.12071289
 0.10555369000000001
 0.089804229999999999
 0.076149900000000006
 0.064849820000000002
 0.052351229999999999
 0.042902879999999997
 0.035925579999999999
 0.027195400000000002
 0.02074256
 0.015062330000000001
 0.01107793
 0.0079104399999999995
 0.00436674
 0.00137145
 3.6329999999999999e-05
 0
 0
 0
 0.0023713699999999998


# name: Cex4
# type: matrix
# rows: 28
# columns: 1
 0.25456058999999998
 0.17120506999999999
 0.086128899999999994
 0.047500540000000001
 0.010423399999999999
 0
 0
 0.0081817699999999997
 0.038004509999999998
 0.070102380000000006
 0.10344343
 0.15623614
 0.21073437
 0.25116074999999999
 0.29448806
 0.32238222
 0.35482176999999998
 0.35729749999999999
 0.36445698999999998
 0.31649445999999998
 0.22024284
 0.13047890000000001
 0.063500769999999998
 0.017402730000000002
 0
 0
 0
 0


# name: Cem4
# type: matrix
# rows: 49
# columns: 1
 0.00094030000000000003
 0
 0
 0
 0
 0
 0
 0
 0
 0
 0
 0
 0.0091995099999999993
 0.02403926
 0.045851879999999998
 0.069287070000000006
 0.086647829999999995
 0.11447665
 0.14233319
 0.17514734000000001
 0.20554420000000001
 0.22940947
 0.24332467999999999
 0.26115674
 0.26651675000000002
 0.27443582999999999
 0.27113200999999998
 0.26924830999999999
 0.25979594
 0.24758145000000001
 0.23474735999999999
 0.21665301000000001
 0.19935696999999999
 0.18223368000000001
 0.16086417
 0.14354036000000001
 0.12689180999999999
 0.10851350999999999
 0.091793929999999996
 0.080772129999999998
 0.067477469999999998
 0.055367510000000002
 0.04656151
 0.036376480000000003
 0.030560759999999999
 0.021930459999999999
 0.017420499999999998
 0.01338015
 0.011915530000000001


# name: Cex5
# type: matrix
# rows: 28
# columns: 1
 0.46821011000000001
 0.42069231000000001
 0.39293922999999997
 0.37162804999999999
 0.32690070999999998
 0.28663989000000001
 0.25189627999999997
 0.17832031000000001
 0.12813527999999999
 0.087143410000000004
 0.046950760000000001
 0.026480900000000002
 0.0096965100000000002
 0
 0
 0
 0
 0
 0
 0
 0
 0
 0
 0
 0
 0
 0
 0


# name: Cem5
# type: matrix
# rows: 49
# columns: 1
 0.10641689
 0.14149244999999999
 0.17292743999999999
 0.19664773999999999
 0.25513254000000002
 0.31729499999999999
 0.35494319000000002
 0.38497812999999997
 0.35128620999999999
 0.34500252999999997
 0.28595019999999999
 0.23719066
 0.18038150999999999
 0.13989231999999999
 0.097465860000000001
 0.0749253
 0.040049149999999999
 0.02236119
 0.0045635800000000002
 0
 0
 0
 0
 0
 0
 0
 0
 0
 0
 0
 0.011137319999999999
 0.016539539999999998
 0.027023100000000001
 0.034481209999999998
 0.036437629999999999
 0.041951660000000002
 0.043210129999999999
 0.02804477
 0.02412661
 0.02690352
 0.021891000000000001
 0.016512499999999999
 0.0078871700000000006
 0.0031684899999999999
 0
 0.0049213499999999997
 0.01028857
 0.00042094000000000002
 0


