# Created by Octave 7.3.0, Sat Oct 14 02:22:41 2023 UTC <jovyan@224710f94f77>
# name: C
# type: scalar
6


# name: Cex
# type: matrix
# rows: 28
# columns: 1
 260
 265
 275
 280
 290
 295
 300
 305
 310
 315
 320
 325
 330
 335
 340
 345
 350
 355
 360
 370
 380
 390
 400
 410
 420
 430
 440
 450


# name: Cem
# type: matrix
# rows: 45
# columns: 1
 330
 335
 340
 345
 350
 355
 360
 365
 370
 375
 380
 385
 390
 395
 400
 405
 410
 415
 420
 425
 430
 435
 440
 445
 450
 455
 460
 465
 470
 475
 480
 485
 490
 495
 500
 505
 510
 515
 520
 525
 530
 535
 540
 545
 550


# name: Cex1
# type: matrix
# rows: 28
# columns: 1
 0.37796490999999999
 0.38271105999999999
 0.40046693999999999
 0.40345583000000002
 0.34916524999999998
 0.30718280999999997
 0.25706210000000002
 0.20545991999999999
 0.16554931000000001
 0.13085060000000001
 0.096985349999999998
 0.074850920000000001
 0.051336989999999999
 0.02654751
 0.00863271
 0
 0
 0
 0
 0
 0
 0
 0
 0
 0
 0
 0
 0


# name: Cem1
# type: matrix
# rows: 45
# columns: 1
 0.23043854999999999
 0.27281358
 0.29442552999999999
 0.30671762000000002
 0.29989273
 0.29243932
 0.28430296999999999
 0.26609188
 0.2474384
 0.22992071
 0.21312038
 0.20486650000000001
 0.18781903
 0.16624237
 0.14243385
 0.12236451
 0.10494385000000001
 0.091150079999999994
 0.086297620000000005
 0.079665340000000001
 0.076400510000000005
 0.074586910000000006
 0.068042169999999999
 0.059011929999999997
 0.050837800000000002
 0.044983710000000003
 0.037306579999999999
 0.033194630000000003
 0.030843410000000002
 0.028058159999999999
 0.025551609999999999
 0.023558249999999999
 0.020672300000000001
 0.018300150000000001
 0.015838540000000002
 0.016204670000000001
 0.015209500000000001
 0.01346017
 0.010523360000000001
 0.010933699999999999
 0.0076764399999999997
 0.01081973
 0.010348090000000001
 0.00942986
 0


# name: Cex2
# type: matrix
# rows: 28
# columns: 1
 0.12702912999999999
 0.13790015
 0.11005742
 0.083700849999999993
 0.018675850000000001
 0
 0
 0
 0.034521049999999998
 0.074552779999999999
 0.12991274999999999
 0.18874943999999999
 0.25794843000000001
 0.32617964999999999
 0.37431009999999998
 0.40374058000000002
 0.40547491000000002
 0.37093632999999998
 0.29848363999999999
 0.13670304999999999
 0.017242500000000001
 0
 0
 0
 0
 0
 7.6100000000000007e-05
 0.00039650999999999998


# name: Cem2
# type: matrix
# rows: 45
# columns: 1
 0.0015695800000000001
 0.0032775999999999999
 0
 0
 0
 0
 0.019518529999999999
 0.073561970000000004
 0.13455914999999999
 0.19452563
 0.24892268000000001
 0.30952854000000002
 0.33599108999999999
 0.34432984
 0.33487031
 0.31855657999999998
 0.29300649000000001
 0.26203696999999998
 0.23858761000000001
 0.20363685000000001
 0.17297123
 0.13758504999999999
 0.10967749
 0.088456960000000001
 0.072379550000000001
 0.056673130000000002
 0.043538279999999999
 0.031225719999999998
 0.019187860000000001
 0.01235707
 0.0042390099999999997
 0.00200096
 0.0026568199999999998
 0.0030764400000000002
 0.0043195100000000004
 0.0056051599999999997
 0.0070276399999999999
 0.0082925499999999992
 0.0093782799999999993
 0.01137295
 0.01288595
 0.014653680000000001
 0.0153297
 0.01652998
 0.025344390000000001


# name: Cex3
# type: matrix
# rows: 28
# columns: 1
 0.23664574999999999
 0.18557388
 0.14921922000000001
 0.16150867999999999
 0.22917709
 0.26971001999999999
 0.30604754000000001
 0.34076275
 0.34950245000000002
 0.34380437000000003
 0.31765364000000001
 0.28221141
 0.23120641
 0.1760042
 0.12415763
 0.069693790000000005
 0.023515080000000001
 0
 0
 0
 0
 0
 0
 0
 0
 0
 0
 0


# name: Cem3
# type: matrix
# rows: 45
# columns: 1
 0
 0
 0.0043894399999999997
 0.018836269999999999
 0.045493220000000001
 0.075969510000000004
 0.11041702
 0.13763386
 0.16999275
 0.20035795000000001
 0.22725182999999999
 0.25396653000000002
 0.2656616
 0.27293310999999998
 0.27390757999999998
 0.27167150000000001
 0.26249056999999998
 0.24793182
 0.23343358
 0.21706950999999999
 0.20201235000000001
 0.18857635
 0.17245236
 0.15801298999999999
 0.14258945000000001
 0.13066832
 0.11835981
 0.10694629
 0.096340910000000002
 0.087702619999999995
 0.078769699999999998
 0.07211157
 0.066374310000000006
 0.061122750000000003
 0.056105620000000002
 0.052601910000000002
 0.048998439999999997
 0.045364849999999998
 0.043170609999999998
 0.039840639999999997
 0.037616799999999999
 0.033678909999999999
 0.031600589999999998
 0.03011086
 0.02926175


# name: Cex4
# type: matrix
# rows: 28
# columns: 1
 0.1609911
 0.21720312999999999
 0.33745417
 0.40288911999999999
 0.45696779999999998
 0.43189865999999999
 0.37111907
 0.27009264999999999
 0.17698206999999999
 0.10037976
 0.049385619999999998
 0.021388089999999998
 0.0063943400000000001
 0.00154228
 0
 0
 0
 0.00052758000000000004
 0.00199416
 0.0098686699999999995
 0.011405510000000001
 0.0069422199999999998
 0.0074802200000000001
 0
 0
 0
 0
 0


# name: Cem4
# type: matrix
# rows: 45
# columns: 1
 0
 0
 0.018383900000000002
 0.029839049999999999
 0.041565320000000003
 0.051829319999999998
 0.062104619999999999
 0.070907269999999994
 0.08249803
 0.09515092
 0.11135119
 0.13318641000000001
 0.1554556
 0.18299773
 0.21171240999999999
 0.23915348
 0.25998493
 0.27134153
 0.27787766000000003
 0.27808384000000003
 0.27296630999999999
 0.26976602999999999
 0.25539403999999999
 0.23739536
 0.21572938
 0.19740144000000001
 0.17694926999999999
 0.15648007
 0.13740788000000001
 0.12150899
 0.10359735
 0.089149389999999995
 0.077736769999999997
 0.066439189999999995
 0.056725730000000002
 0.048977039999999999
 0.04152546
 0.033773879999999999
 0.02847601
 0.02360348
 0.020306299999999999
 0.017143240000000001
 0.013223449999999999
 0.011048469999999999
 0.01528212


# name: Cex5
# type: matrix
# rows: 28
# columns: 1
 0.32279952000000001
 0.27740620999999999
 0.20229463
 0.17200826999999999
 0.12170097000000001
 0.11085448000000001
 0.10832015
 0.11353046999999999
 0.12790923000000001
 0.14259299
 0.15978299000000001
 0.18005301000000001
 0.20630875000000001
 0.22914182999999999
 0.25099231999999999
 0.26622465000000001
 0.27994043000000002
 0.28048687
 0.27585042999999998
 0.2466468
 0.20451986
 0.14847730000000001
 0.10287868
 0.062454019999999999
 0.026510140000000001
 0
 0
 0


# name: Cem5
# type: matrix
# rows: 45
# columns: 1
 0.0018087699999999999
 0
 0
 0
 0
 0
 0
 0
 0
 0
 0
 0
 0.013412520000000001
 0.040130649999999997
 0.075978669999999998
 0.11376493999999999
 0.15157250999999999
 0.18495054
 0.21302109999999999
 0.24318682
 0.26572440000000003
 0.29473071000000001
 0.30104175
 0.29643364
 0.28008961999999998
 0.26933089999999998
 0.25081214000000002
 0.23317336
 0.21749241999999999
 0.19866044999999999
 0.17987785000000001
 0.16032750000000001
 0.14012301999999999
 0.12156416
 0.10338478
 0.089758969999999993
 0.07586358
 0.06168477
 0.050782569999999999
 0.040231250000000003
 0.030621579999999999
 0.022550629999999999
 0.01592209
 0.010350349999999999
 0


# name: Cex6
# type: matrix
# rows: 28
# columns: 1
 0.33141517999999998
 0.32006339
 0.27252831
 0.25352048999999999
 0.21067248999999999
 0.19278719
 0.17890575
 0.16347929999999999
 0.15513104999999999
 0.14887967999999999
 0.14596303999999999
 0.14675542999999999
 0.15078433999999999
 0.15573554000000001
 0.16160239000000001
 0.16572386
 0.17183031000000001
 0.17515217999999999
 0.18038434
 0.18694775999999999
 0.18695386999999999
 0.18881206
 0.18156454999999999
 0.16769466999999999
 0.15258480999999999
 0.13464092
 0.10678235
 0.084027080000000004


