# Created by Octave 7.3.0, Sat Oct 14 02:25:58 2023 UTC <jovyan@224710f94f77>
# name: C
# type: scalar
6


# name: Cex
# type: matrix
# rows: 26
# columns: 1
 260
 265
 275
 280
 290
 295
 305
 310
 315
 320
 325
 330
 335
 340
 345
 350
 360
 370
 380
 390
 400
 410
 420
 430
 440
 450


# name: Cem
# type: matrix
# rows: 45
# columns: 1
 330
 335
 340
 345
 350
 355
 360
 365
 370
 375
 380
 385
 390
 395
 400
 405
 410
 415
 420
 425
 430
 435
 440
 445
 450
 455
 460
 465
 470
 475
 480
 485
 490
 495
 500
 505
 510
 515
 520
 525
 530
 535
 540
 545
 550


# name: Cex1
# type: matrix
# rows: 26
# columns: 1
 0.54907106000000006
 0.50438057000000003
 0.42475984999999999
 0.38017847999999999
 0.25036492999999999
 0.19566433
 0.10569692999999999
 0.072708800000000004
 0.037786760000000003
 0.01764158
 0
 0
 0
 0
 0
 0
 0
 0
 0
 0
 0
 0
 0
 0
 0
 0


# name: Cem1
# type: matrix
# rows: 45
# columns: 1
 0.36207115000000001
 0.36353200000000002
 0.34856661999999999
 0.3371035
 0.31349099000000002
 0.28975643000000001
 0.26890663999999997
 0.23704518999999999
 0.2042436
 0.16807437
 0.14218932000000001
 0.12158532
 0.10420492000000001
 0.089259019999999994
 0.075475100000000003
 0.066498039999999994
 0.05870268
 0.055048039999999999
 0.053767860000000001
 0.054702239999999999
 0.058808069999999997
 0.057958120000000002
 0.053673499999999999
 0.051991660000000002
 0.050789340000000002
 0.049804040000000001
 0.051354230000000001
 0.04898951
 0.049499340000000003
 0.04873686
 0.048365320000000003
 0.046153020000000003
 0.044442860000000001
 0.03882683
 0.035745359999999997
 0.03686963
 0.033398700000000003
 0.030170519999999999
 0.02627065
 0.02856794
 0.013396470000000001
 0.032686350000000003
 0.030620069999999999
 0.03122482
 0


# name: Cex2
# type: matrix
# rows: 26
# columns: 1
 0.072819980000000006
 0.16135393000000001
 0.43214570000000002
 0.56122178
 0.52886630999999995
 0.40420948000000001
 0.14416646999999999
 0.054068730000000002
 0
 0
 0
 0
 0
 0.01225129
 0
 0
 0
 0
 0
 0
 0
 0
 0
 0
 0
 0


# name: Cem2
# type: matrix
# rows: 45
# columns: 1
 0.52493946000000002
 0.52711823999999996
 0.43390694000000002
 0.34801310000000002
 0.24146869000000001
 0.15672859
 0.086117089999999993
 0.052695230000000003
 0.026040170000000001
 0.024736439999999998
 0.026194729999999999
 0.0318004
 0.03925439
 0.038903849999999997
 0.053607759999999997
 0.06159829
 0.067093180000000002
 0.067621860000000006
 0.066962140000000003
 0.066401020000000005
 0.058709200000000003
 0.04968148
 0.04457233
 0.042663189999999997
 0.034740760000000002
 0.028188919999999999
 0.022575580000000001
 0.021106880000000001
 0.01371169
 0.014283290000000001
 0.0053248599999999998
 0.0041724700000000002
 0.0071004800000000002
 0.01041824
 0.010233590000000001
 0.0034859100000000001
 0
 0.00151486
 0
 0.00027904999999999998
 0
 0.0078042700000000003
 0
 0
 0


# name: Cex3
# type: matrix
# rows: 26
# columns: 1
 0.16486518
 0.16986343000000001
 0.22490515
 0.28158184000000003
 0.38328675000000001
 0.40705935999999998
 0.37236770000000002
 0.33516278999999999
 0.29536537000000002
 0.25302903999999998
 0.20961539000000001
 0.15510705
 0.12064981
 0.098258990000000004
 0.073222620000000002
 0.040783809999999997
 0
 0
 0
 0
 0
 0
 7.5210000000000007e-05
 0.00012082
 0.00026122999999999999
 7.1149999999999995e-05


# name: Cem3
# type: matrix
# rows: 45
# columns: 1
 0
 0.03052916
 0.079942200000000005
 0.12581885000000001
 0.17214228000000001
 0.20233826999999999
 0.23521692999999999
 0.25446321
 0.27023074000000002
 0.27932936000000003
 0.28440650000000001
 0.29181578000000002
 0.28766877000000002
 0.27787018000000002
 0.26495228999999998
 0.24836823999999999
 0.22430907999999999
 0.19712632999999999
 0.16931012000000001
 0.14384015999999999
 0.11950561
 0.097727949999999994
 0.075909299999999999
 0.058661959999999999
 0.04308464
 0.030786890000000001
 0.019393500000000001
 0.01148042
 0.0051343500000000002
 0.00043276000000000002
 0
 0
 0
 0
 0.00085882999999999999
 0
 0
 0.0034041499999999999
 0.0054481800000000004
 0.0034119699999999998
 0.01470496
 0
 0
 0
 0.045566879999999997


# name: Cex4
# type: matrix
# rows: 26
# columns: 1
 0.40964727000000001
 0.34712591999999998
 0.26867255000000001
 0.24457406000000001
 0.21598127
 0.21818425999999999
 0.25503709000000002
 0.26813972000000003
 0.27045913999999999
 0.25970472
 0.24610427000000001
 0.23028602000000001
 0.19830750999999999
 0.16126978
 0.12673933000000001
 0.098755040000000002
 0.05597717
 0.0044578400000000002
 0
 0
 0
 0
 0
 0
 0
 0


# name: Cem4
# type: matrix
# rows: 45
# columns: 1
 0
 0
 0
 0
 0.0053185999999999997
 0.018662829999999998
 0.036305909999999997
 0.057500549999999997
 0.083730239999999997
 0.11420761
 0.13783682999999999
 0.16239634999999999
 0.17901222
 0.19771384
 0.21422701
 0.22959019
 0.24194066
 0.24683467000000001
 0.25195613
 0.25118306000000001
 0.24796283
 0.24532161999999999
 0.23596723
 0.22622336000000001
 0.21243539
 0.20171744
 0.18806332000000001
 0.17348321999999999
 0.15894061000000001
 0.14609216
 0.13022131000000001
 0.11714303
 0.10600187
 0.095778450000000001
 0.085564039999999994
 0.079606510000000005
 0.072893379999999994
 0.063905840000000005
 0.057523779999999997
 0.053189010000000002
 0.043858090000000002
 0.044892399999999999
 0.040907869999999999
 0.037600109999999999
 0.00843116


# name: Cex5
# type: matrix
# rows: 26
# columns: 1
 0.02236834
 0.027496380000000001
 0.044339820000000002
 0.071091249999999995
 0.13594601000000001
 0.15501508
 0.12790594999999999
 0.11835685999999999
 0.1180355
 0.13879695
 0.16590611
 0.2006647
 0.25229805
 0.30911593999999998
 0.34641892000000002
 0.37142376999999999
 0.38373861999999997
 0.37812585999999998
 0.26828775999999999
 0.16759105999999999
 0.095724229999999993
 0.034998029999999999
 0
 0
 0
 0


# name: Cem5
# type: matrix
# rows: 45
# columns: 1
 0
 0
 0.0002833
 0.00018280999999999999
 0
 0
 0
 0
 0
 0
 0.016527710000000001
 0.041595260000000002
 0.068016380000000001
 0.099609970000000006
 0.12964322
 0.16280438999999999
 0.19042645
 0.21839216
 0.24432079000000001
 0.27154335000000002
 0.28731034
 0.29456143000000001
 0.28280147999999999
 0.27539103999999998
 0.26106774999999999
 0.24975781
 0.23525726
 0.21459983999999999
 0.1993443
 0.17872719000000001
 0.15937541999999999
 0.13824439999999999
 0.12282288
 0.10541811
 0.088021379999999996
 0.075310420000000003
 0.061717880000000003
 0.048638790000000001
 0.038789280000000002
 0.029190199999999999
 0.023547459999999999
 0.011916929999999999
 0.0046994999999999997
 0
 0.024964429999999999


# name: Cex6
# type: matrix
# rows: 26
# columns: 1
 0.29620849999999999
 0.27600040999999997
 0.23335144999999999
 0.22267793999999999
 0.19432555000000001
 0.18371340999999999
 0.15834077999999999
 0.1539365
 0.15386372000000001
 0.15688774
 0.16195686000000001
 0.16890395999999999
 0.17878836000000001
 0.19048551999999999
 0.20098251
 0.21274615999999999
 0.22995388
 0.24784318999999999
 0.2418286
 0.22816579000000001
 0.20633851
 0.1814084
 0.15475075999999999
 0.12286941999999999
 0.097722890000000007
 0.076737189999999997


# name: Cem6
# type: matrix
# rows: 45
# columns: 1
 0
 0
 0
 0
 0.00031349999999999998
 0
 0
 0
 0
 0
 0
 0
 0
 0
 0
 0
 0
 0
 0
 0
 0.0057129800000000003
 0.02834002
 0.065379599999999996
 0.09352626
 0.11910825999999999
 0.14244635
 0.15875365
 0.17866883
 0.18793521999999999
 0.20396505000000001
 0.21216999
 0.22620609
 0.23229963000000001
 0.23803694
 0.24308001000000001
 0.24903186999999999
 0.2519652
 0.2500039
 0.24942723
 0.24501258000000001
 0.23631329000000001
 0.22983735999999999
 0.22394738
 0.21795721000000001
 0.18746413000000001


