# Created by Octave 7.3.0, Sat Oct 07 14:57:17 2023 UTC <jovyan@224710f94f77>
# name: C
# type: scalar
3


# name: Cex
# type: matrix
# rows: 51
# columns: 1
 250
 255
 260
 265
 270
 275
 280
 285
 290
 295
 300
 305
 310
 315
 320
 325
 330
 335
 340
 345
 350
 355
 360
 365
 370
 375
 380
 385
 390
 395
 400
 405
 410
 415
 420
 425
 430
 435
 440
 445
 450
 455
 460
 465
 470
 475
 480
 485
 490
 495
 500


# name: Cem
# type: matrix
# rows: 71
# columns: 1
 250
 255
 260
 265
 270
 275
 280
 285
 290
 295
 300
 305
 310
 315
 320
 325
 330
 335
 340
 345
 350
 355
 360
 365
 370
 375
 380
 385
 390
 395
 400
 405
 410
 415
 420
 425
 430
 435
 440
 445
 450
 455
 460
 465
 470
 475
 480
 485
 490
 495
 500
 505
 510
 515
 520
 525
 530
 535
 540
 545
 550
 555
 560
 565
 570
 575
 580
 585
 590
 595
 600


# name: Cex1
# type: matrix
# rows: 51
# columns: 1
 0.31892112681724999
 0.32971142309464002
 0.31416792646272002
 0.28050848125987998
 0.2531566412754
 0.22936358799661
 0.21179396355838001
 0.19959788575581
 0.19265308516954999
 0.1889913196679
 0.18972665909327999
 0.19181079244938001
 0.19198437250431
 0.19035194868201999
 0.18678392466968
 0.17978981234569999
 0.17006816837996
 0.1590072687779
 0.14378788862924
 0.12678191316670001
 0.10919527177453001
 0.093005344871776002
 0.075155739118498002
 0.059579084545861999
 0.046341938717600999
 0.034435746944772999
 0.023106104784954999
 0.014897370989423999
 0.007692322816779
 0.0010579234884450001
 0
 0
 0
 0
 0
 0
 0
 0
 0
 0
 0
 0
 0
 0
 0
 0
 0
 0
 0
 0
 0


# name: Cem1
# type: matrix
# rows: 71
# columns: 1
 0
 1.7323984561007e-06
 0
 1.0655465751878e-06
 4.2930223277472998e-05
 0.00014125254161000001
 0.00029563563527100001
 0.00065850366448999998
 0.0011686097068050001
 0.001826478045654
 0.00259001375395
 0.003636330289773
 0.0048041925224169999
 0.0063220609022519997
 0.0082625606870740005
 0.010782303682199
 0.013792186006115001
 0.017604105647168002
 0.023381867194178001
 0.030617471589072999
 0.039706586731942002
 0.049893259892587999
 0.061572297266432
 0.074979096985455004
 0.091422150117502002
 0.10951311783422001
 0.12908275690495999
 0.15048933812446999
 0.17173482718454
 0.19288660802822
 0.21360053863674999
 0.23258024586136999
 0.24932034485476001
 0.26347752197607999
 0.27075466157613998
 0.26942375168913002
 0.26508753295350002
 0.25808638478031998
 0.24833265563032
 0.23604826798101999
 0.22084969961816001
 0.20399962936706001
 0.18520894197912
 0.16627612570233
 0.14668870591326999
 0.12787433138755999
 0.10969836907119999
 0.092732641952808004
 0.076415255794530998
 0.061996351318987002
 0.049695475116222
 0.038949046603309001
 0.030053276860845999
 0.022747208982513999
 0.016443444493372001
 0.011624761834137
 0.0077210628810110002
 0.0048399756199979998
 0.0028397965076580002
 0.001101467516526
 0
 0
 0
 0
 0
 0
 0.00047047423130900003
 0.00076454348688700003
 0.001341036658187
 0.001749588174461
 0.001945420305518


# name: Cex2
# type: matrix
# rows: 51
# columns: 1
 0.31810701938156
 0.34166231440631001
 0.33342672976949
 0.30330790913823003
 0.27918692912951998
 0.25669414691797998
 0.23506504791547
 0.21539936089553999
 0.19771683216787
 0.18027004548566
 0.16489125527816001
 0.15045265079504
 0.1375087479479
 0.1261092213327
 0.11635192053108
 0.10637281388082
 0.097054089955403003
 0.089873617920876003
 0.081671508133621007
 0.073935378955776995
 0.067518921349355998
 0.063086773881305999
 0.058473844070432997
 0.055900643134199998
 0.054023155823352001
 0.054355324814203
 0.054944823480300997
 0.055442196499153003
 0.057595751771316997
 0.059228443227478
 0.063230569469291995
 0.068184396768725994
 0.072466019121007003
 0.075828372727957005
 0.078317584794743003
 0.079729742450311003
 0.082253204301645996
 0.082748559505780001
 0.083020647718242996
 0.081292452813623003
 0.075967991016681002
 0.070369532694823003
 0.065379164788714
 0.059912182791220001
 0.054458740675695998
 0.048770780005810997
 0.043338699081254997
 0.037252992268353997
 0.032168475283116997
 0.027509671151639999
 0.024240058757393001


# name: Cem2
# type: matrix
# rows: 71
# columns: 1
 0.000633088791754
 0.00108094460719
 0.0017054817091510001
 0.0025107672350729998
 0.003508820283396
 0.0044951824054750003
 0.0054766927864359997
 0.0061813471873899996
 0.0066188035809750002
 0.0070072015973240004
 0.0073158568693670002
 0.007300509814134
 0.0071009034463479998
 0.0069989395584440003
 0.0065915679502170001
 0.0062902271615119998
 0.0060098819893220001
 0.0053911224921470002
 0.0046065428217720002
 0.0028839297705760001
 0.001145013861021
 0
 0
 0
 0
 0
 0
 0
 0
 0
 0
 0
 0
 0
 0.0060347739886519999
 0.020867733909831002
 0.038415488305989003
 0.057851271808820999
 0.078525227234001002
 0.10034788120631
 0.12363866834439
 0.14615684866028
 0.16759141603169
 0.1874228683112
 0.20674795663685999
 0.22319374047814999
 0.23679589103347001
 0.24687851734534
 0.25351878501611003
 0.25590216856525
 0.25421091130971002
 0.2493937839816
 0.24161087601914
 0.23159417820143999
 0.21972869617787999
 0.20740226920720001
 0.19442606534109
 0.18131655380537001
 0.16860526624308
 0.15616934675544999
 0.14354912622179
 0.12974544241814001
 0.11582233613432
 0.10192647319348
 0.088051619624752997
 0.075020326528077996
 0.062446167881146999
 0.051459473548415999
 0.041883038027149003
 0.035026890311193
 0.030035224420111001


# name: Cex3
# type: matrix
# rows: 51
# columns: 1
 0
 0
 0.06527414486659
 0.15425414955589001
 0.18248336362518999
 0.18422894674394999
 0.17570270919743
 0.15857161298972999
 0.14405984272469
 0.13691596209886001
 0.13287097413386001
 0.13232537246772999
 0.13560154073403999
 0.13939709764812
 0.14440544456207999
 0.15448606456301001
 0.16806102985252999
 0.17784632065511
 0.19437393340667
 0.21089614368967999
 0.22314013701835
 0.23158401993173999
 0.23977293939802999
 0.24116860215364999
 0.23864631777896
 0.23068142937922001
 0.22084675077786001
 0.20852779668115001
 0.19180412894345
 0.17566153836100001
 0.15055880632669
 0.12260034237251
 0.098274614101460003
 0.078340740580959994
 0.059334909957276999
 0.043859570566023
 0.030186970771924001
 0.017955398229602001
 0.0060696097075369996
 0
 0
 0
 0
 0
 0
 0
 0
 0
 0
 0
 0


# name: Cem3
# type: matrix
# rows: 71
# columns: 1
 0.00035498737774
 0.000111287860834
 0
 0
 0
 0
 0
 0
 0
 0
 0
 0
 0
 0
 0
 0
 0
 0
 0
 0
 0
 0
 0.00057373932197500002
 0.0035366888395439999
 0.0071299001397830001
 0.013239008841973999
 0.021775875220565
 0.032357521951492003
 0.047010286008691997
 0.064103046336093997
 0.082592695291643994
 0.10234794281935
 0.12343711063432999
 0.14362273813068999
 0.16174586939828001
 0.17837829575410999
 0.194084621141
 0.20760087657310999
 0.21962237909526
 0.22914902122318001
 0.23591356440166
 0.24020742962073
 0.24227697140793999
 0.24140026996541999
 0.23810194145810001
 0.2335334597557
 0.22666051274721
 0.21795451867689
 0.20760665929798999
 0.19567894276837
 0.18254668175423999
 0.16807770873580999
 0.15316989788977001
 0.13850273120501
 0.12549591497536999
 0.11315437179319
 0.10236579493908
 0.091938967366104005
 0.081868039540343995
 0.072387782850037996
 0.063852019682490005
 0.056036984980638999
 0.048536834901303998
 0.041028067757264003
 0.033016120418328999
 0.025408255111828999
 0.019182576532529999
 0.014556018050800999
 0.011214224027062
 0.0079107810536540001
 0.0060731494758089997


