# Created by Octave 7.3.0, Sat Oct 14 02:41:10 2023 UTC <jovyan@224710f94f77>
# name: C
# type: scalar
5


# name: Cex
# type: matrix
# rows: 28
# columns: 1
 260
 265
 275
 280
 290
 295
 300
 305
 310
 315
 320
 325
 330
 335
 340
 345
 350
 355
 360
 370
 380
 390
 400
 410
 420
 430
 440
 450


# name: Cem
# type: matrix
# rows: 49
# columns: 1
 310
 315
 320
 325
 330
 335
 340
 345
 350
 355
 360
 365
 370
 375
 380
 385
 390
 395
 400
 405
 410
 415
 420
 425
 430
 435
 440
 445
 450
 455
 460
 465
 470
 475
 480
 485
 490
 495
 500
 505
 510
 515
 520
 525
 530
 535
 540
 545
 550


# name: Cex1
# type: matrix
# rows: 28
# columns: 1
 0.35235164000000002
 0.3139054
 0.25065501000000001
 0.2386519
 0.23877245
 0.24259715000000001
 0.24796269000000001
 0.25601393
 0.25948162000000002
 0.25367339999999999
 0.24468132000000001
 0.22876054000000001
 0.21286018000000001
 0.19179553999999999
 0.17406008000000001
 0.14879824999999999
 0.12713632
 0.10346972
 0.084043850000000003
 0.045495300000000002
 0.01476089
 0
 0
 0
 0
 0
 0
 0


# name: Cem1
# type: matrix
# rows: 49
# columns: 1
 0
 0
 0
 0
 0
 0
 0
 0
 0
 0
 0.0093117300000000007
 0.024658719999999999
 0.042045730000000003
 0.062347920000000001
 0.083410300000000007
 0.10769266
 0.12901046999999999
 0.15190885000000001
 0.17678302000000001
 0.19938800000000001
 0.21995145999999999
 0.23587515000000001
 0.25143543000000002
 0.26189203
 0.26779539000000002
 0.27037369
 0.26850858
 0.2608239
 0.24808562000000001
 0.23352883999999999
 0.21616615
 0.19799326
 0.17864456000000001
 0.16065985999999999
 0.14103012000000001
 0.12539659
 0.110736
 0.096871899999999997
 0.083835690000000004
 0.073490680000000003
 0.063853300000000002
 0.054531919999999998
 0.047574020000000002
 0.04052621
 0.035549219999999999
 0.028055159999999999
 0.023687409999999999
 0.01963614
 0.014880880000000001


# name: Cex2
# type: matrix
# rows: 28
# columns: 1
 0.32390131999999999
 0.33058597000000001
 0.28171523999999998
 0.26355780000000001
 0.22778818000000001
 0.21556549999999999
 0.20364129
 0.19287623000000001
 0.18702927
 0.18059658000000001
 0.17568653000000001
 0.17118138999999999
 0.17153236999999999
 0.1694145
 0.17050741
 0.16660474
 0.16704783000000001
 0.16301173999999999
 0.16358765
 0.15840301000000001
 0.1487948
 0.1444164
 0.13615020999999999
 0.12460715999999999
 0.11254696
 0.10051684
 0.083442589999999997
 0.064078889999999999


# name: Cem2
# type: matrix
# rows: 49
# columns: 1
 0
 0
 0
 0
 0
 0
 0
 0
 0
 0
 0
 0
 0
 0
 0
 0
 0
 0
 0
 0
 0
 0
 0
 0.0017568200000000001
 0.0065776100000000002
 0.021059120000000001
 0.033234180000000002
 0.054451289999999999
 0.075117050000000005
 0.10610831
 0.13026407000000001
 0.15334439999999999
 0.17093837000000001
 0.19008533999999999
 0.20282412
 0.21526492999999999
 0.22635922999999999
 0.23850730000000001
 0.24430212000000001
 0.25646393000000001
 0.26076671000000001
 0.25995436999999999
 0.26117796999999998
 0.25953553000000001
 0.25282494
 0.24563335
 0.23788923000000001
 0.23158253000000001
 0.21452114


# name: Cex3
# type: matrix
# rows: 28
# columns: 1
 0.22440555000000001
 0.21088265
 0.229931
 0.25649113000000001
 0.30344186000000001
 0.32479924999999998
 0.32786020999999999
 0.31793969
 0.30003215
 0.27649986999999998
 0.24558189999999999
 0.21820060999999999
 0.18813658
 0.16205842000000001
 0.13639919
 0.11004861000000001
 0.081901840000000004
 0.063699629999999993
 0.050172880000000003
 0.017719809999999999
 0.001077
 0
 0
 0
 0
 0
 0
 0


# name: Cem3
# type: matrix
# rows: 49
# columns: 1
 0
 0
 0
 0
 0
 0.00043405000000000001
 0.021234860000000001
 0.04252599
 0.070721329999999999
 0.099743570000000004
 0.13418284999999999
 0.14941834000000001
 0.17174349
 0.19582050000000001
 0.21723079000000001
 0.24253416
 0.25415755000000001
 0.26587495
 0.27221532999999998
 0.27499761
 0.26916685000000001
 0.25769048999999999
 0.24496765000000001
 0.22947052000000001
 0.21353369
 0.19952076999999999
 0.18207798
 0.16518864999999999
 0.14700629000000001
 0.13004795
 0.11501707
 0.097981559999999995
 0.085177929999999999
 0.0740817
 0.06369213
 0.054047820000000003
 0.044841819999999998
 0.036003590000000002
 0.02908678
 0.022416729999999999
 0.016978190000000001
 0.01141139
 0.0070896300000000004
 0.00398891
 0
 0
 0
 0
 0.0039110100000000004


# name: Cex4
# type: matrix
# rows: 28
# columns: 1
 0.28013758
 0.19355547000000001
 0.11574333000000001
 0.086572220000000005
 0.015635739999999999
 0.00093380000000000004
 0
 0
 0.01365244
 0.043407429999999997
 0.078514959999999995
 0.12917123999999999
 0.17391387
 0.21882410999999999
 0.24847437999999999
 0.28087125000000002
 0.30001645999999998
 0.31839255999999999
 0.33272805999999999
 0.33462631999999998
 0.31026925
 0.24747015999999999
 0.17484601999999999
 0.11240068
 0.063663200000000003
 0.020273900000000001
 0
 0


# name: Cem4
# type: matrix
# rows: 49
# columns: 1
 8.4489999999999999e-05
 0
 0
 0
 0
 0
 0
 0
 0
 0
 0
 0
 0
 0
 0
 0.0041403400000000002
 0.0090192799999999993
 0.02608044
 0.042203770000000002
 0.06950199
 0.098674200000000004
 0.12823024999999999
 0.16015267999999999
 0.19214137000000001
 0.21575520000000001
 0.24043498999999999
 0.26169471
 0.27633582000000001
 0.28242267999999998
 0.28152503000000001
 0.27522663000000003
 0.26469924
 0.25290906000000002
 0.23805462999999999
 0.2215868
 0.20493384000000001
 0.18699852
 0.16271874
 0.14346321000000001
 0.12688679
 0.11093232
 0.094473769999999999
 0.080436759999999996
 0.066660159999999996
 0.055817869999999999
 0.043295779999999999
 0.035278110000000001
 0.028482799999999999
 0.027809859999999999


# name: Cex5
# type: matrix
# rows: 28
# columns: 1
 0.47789211999999998
 0.40905309000000001
 0.37435278
 0.35556276999999997
 0.30074391
 0.27529079000000001
 0.24722477000000001
 0.20432007999999999
 0.16551734000000001
 0.13964599999999999
 0.10607503
 0.085861370000000006
 0.049038079999999998
 0.026549280000000001
 0.00065109
 0
 0
 0
 0
 0
 0
 0
 0
 0
 0
 0
 0
 0


# name: Cem5
# type: matrix
# rows: 49
# columns: 1
 0.0065781900000000003
 0.02857051
 0.057906260000000001
 0.078956589999999993
 0.12255014
 0.18264479
 0.21941084999999999
 0.25731934000000001
 0.30281013000000001
 0.35726137000000002
 0.35911395000000002
 0.32315527999999999
 0.29323907999999999
 0.25911609000000002
 0.23229016999999999
 0.20831927
 0.18085333000000001
 0.15553927000000001
 0.12235645000000001
 0.10189790999999999
 0.073303850000000004
 0.052330639999999998
 0.029437089999999999
 0.016544340000000001
 0.00185261
 0
 0
 0
 0
 0
 0
 0.00071571000000000004
 0.020130289999999999
 0.034626839999999999
 0.059726460000000002
 0.071411810000000006
 0.077431369999999999
 0.054172749999999999
 0.051108960000000002
 0.050340139999999998
 0.048159899999999999
 0.045008649999999997
 0.034031220000000001
 0.030518139999999999
 0.015888309999999999
 0.02203977
 0.018096649999999999
 0.015954329999999999
 0


