# Created by Octave 7.3.0, Sat Oct 14 02:37:11 2023 UTC <jovyan@224710f94f77>
# name: C
# type: scalar
5


# name: Cex
# type: matrix
# rows: 28
# columns: 1
 260
 265
 275
 280
 290
 295
 300
 305
 310
 315
 320
 325
 330
 335
 340
 345
 350
 355
 360
 370
 380
 390
 400
 410
 420
 430
 440
 450


# name: Cem
# type: matrix
# rows: 49
# columns: 1
 310
 315
 320
 325
 330
 335
 340
 345
 350
 355
 360
 365
 370
 375
 380
 385
 390
 395
 400
 405
 410
 415
 420
 425
 430
 435
 440
 445
 450
 455
 460
 465
 470
 475
 480
 485
 490
 495
 500
 505
 510
 515
 520
 525
 530
 535
 540
 545
 550


# name: Cex1
# type: matrix
# rows: 28
# columns: 1
 0.37747997999999999
 0.33014579999999999
 0.25517276
 0.23858376000000001
 0.21719914000000001
 0.21587401000000001
 0.21666195999999999
 0.22239073000000001
 0.22665453999999999
 0.22783007
 0.22865621
 0.22374442999999999
 0.21608574999999999
 0.20486092
 0.19583022999999999
 0.17701856999999999
 0.16025468000000001
 0.14308314
 0.12593494
 0.085048840000000001
 0.05166697
 0.020219770000000001
 0.0021067600000000001
 0
 0
 0
 0
 0


# name: Cem1
# type: matrix
# rows: 49
# columns: 1
 0
 0
 0
 0
 0
 0
 0
 0
 0
 0
 0
 0
 0.01073992
 0.027721429999999998
 0.043102139999999997
 0.063602339999999993
 0.082322090000000001
 0.10792071
 0.13462787000000001
 0.16087589999999999
 0.18851503
 0.20885999999999999
 0.23038600000000001
 0.24741679999999999
 0.26062598999999997
 0.26813152000000001
 0.27235292999999999
 0.27207039
 0.26445181000000001
 0.25462934999999998
 0.24056162
 0.22317091
 0.20519757
 0.18835917999999999
 0.16838666999999999
 0.15239077000000001
 0.13666238
 0.12002066
 0.10567884
 0.094316639999999993
 0.082633709999999999
 0.07091074
 0.0637548
 0.053893469999999999
 0.04640652
 0.0373613
 0.032090439999999998
 0.0261633
 0.021645040000000001


# name: Cex2
# type: matrix
# rows: 28
# columns: 1
 0.28010202000000001
 0.30052236999999998
 0.27015967000000002
 0.26745956999999998
 0.24045636000000001
 0.22808086
 0.21622448999999999
 0.20447714
 0.19725474000000001
 0.19003223999999999
 0.18571557999999999
 0.17918507
 0.17564943999999999
 0.17134799000000001
 0.17325798000000001
 0.16790819000000001
 0.16639585000000001
 0.16496995
 0.16405521000000001
 0.15843041999999999
 0.14988942999999999
 0.14395168999999999
 0.13562708000000001
 0.12840140999999999
 0.11898043
 0.11174471
 0.10058143
 0.080704730000000002


# name: Cem2
# type: matrix
# rows: 49
# columns: 1
 0
 0
 0
 0
 0
 0
 0
 0
 0
 0
 0
 0
 0
 0
 0
 0
 0
 0
 0
 0
 0
 0
 0
 0
 0.00072893000000000003
 0.016542609999999999
 0.026292960000000001
 0.046107879999999997
 0.063369629999999996
 0.092082839999999999
 0.11170284
 0.13262942
 0.15150271000000001
 0.17105256999999999
 0.18795232000000001
 0.20037948
 0.21388631999999999
 0.22852078000000001
 0.23679127
 0.25260824999999998
 0.26013752000000001
 0.26316139999999999
 0.26682264999999999
 0.26893361999999998
 0.26752155999999999
 0.26032560999999999
 0.25737792999999998
 0.25621380999999999
 0.23902743000000001


# name: Cex3
# type: matrix
# rows: 28
# columns: 1
 0.16844915999999999
 0.16920810999999999
 0.20369466
 0.24331146000000001
 0.31592333
 0.33928668000000001
 0.34827986999999999
 0.33615945000000003
 0.31887676999999998
 0.28876385999999998
 0.25078384999999997
 0.21910233000000001
 0.18790899
 0.15601413
 0.13046418000000001
 0.10248076
 0.073440030000000003
 0.054195199999999999
 0.037306560000000002
 0.01467623
 0
 0
 0
 0
 0
 0
 0
 0


# name: Cem3
# type: matrix
# rows: 49
# columns: 1
 0
 0
 0
 0
 0
 0
 0.01434334
 0.038633760000000003
 0.065556290000000003
 0.088993859999999994
 0.12590355
 0.15949037999999999
 0.18806712
 0.21423246000000001
 0.23719322000000001
 0.26509558999999999
 0.27591631
 0.28522487000000002
 0.28566554
 0.28406947999999999
 0.27067318000000001
 0.25455485999999999
 0.23595572000000001
 0.21634466999999999
 0.1974931
 0.1792994
 0.16105802999999999
 0.14200320999999999
 0.12678656999999999
 0.10963545
 0.095826300000000003
 0.083187369999999997
 0.070129189999999994
 0.058438219999999999
 0.048226570000000003
 0.041445599999999999
 0.033315060000000001
 0.026693729999999999
 0.021741380000000001
 0.01588465
 0.01204916
 0.0077064400000000002
 0.0035711699999999998
 0.0019673400000000001
 0
 0
 0
 0
 0.0083262500000000003


# name: Cex4
# type: matrix
# rows: 28
# columns: 1
 0.20983753999999999
 0.14513865000000001
 0.095804990000000007
 0.056192899999999997
 0.0093784000000000003
 0.00023463999999999999
 0
 0
 0.00557356
 0.020745400000000001
 0.034490199999999999
 0.072375289999999995
 0.11983399
 0.16693250000000001
 0.19258727
 0.23586338000000001
 0.27071777000000002
 0.28341756000000001
 0.31300667999999998
 0.34960148000000002
 0.34532963999999999
 0.33739292999999998
 0.30316988
 0.22568779
 0.15494837
 0.080540089999999995
 0.020107239999999998
 0


# name: Cem4
# type: matrix
# rows: 49
# columns: 1
 0.00044998999999999999
 0
 0
 0
 0
 0
 0
 0
 0
 0
 0
 0
 0
 0
 0
 0
 0
 0.0012496300000000001
 0.0060366300000000003
 0.02539713
 0.038235930000000001
 0.065014859999999994
 0.092468770000000006
 0.12606064
 0.15272625000000001
 0.18393691000000001
 0.21424857999999999
 0.23720868000000001
 0.25668122999999998
 0.26857455000000002
 0.27654343999999997
 0.27918041999999998
 0.27284851999999998
 0.26510820000000002
 0.25096888000000001
 0.23986840000000001
 0.22696685
 0.20545993000000001
 0.18856474000000001
 0.17158100000000001
 0.15575679000000001
 0.13722384000000001
 0.12237182000000001
 0.10657042999999999
 0.089688279999999995
 0.078498120000000005
 0.064323270000000002
 0.052658780000000002
 0.053922980000000002


# name: Cex5
# type: matrix
# rows: 28
# columns: 1
 0.56908312999999999
 0.47445203000000002
 0.36408663000000002
 0.31237867000000002
 0.22693153999999999
 0.19952237
 0.17415174
 0.14812123999999999
 0.1397882
 0.13140531
 0.11307707
 0.10593277
 0.094676930000000006
 0.073738509999999993
 0.04227467
 0.01743364
 0
 0
 0
 0
 0
 0
 0
 0
 0
 0.00049598999999999997
 0.00395444
 0


# name: Cem5
# type: matrix
# rows: 49
# columns: 1
 0.012001599999999999
 0.019917359999999999
 0.02930143
 0.040953150000000001
 0.068657529999999994
 0.10562963
 0.13447439999999999
 0.15869929999999999
 0.19232777000000001
 0.23069566
 0.26848693000000001
 0.30114216999999999
 0.30113825
 0.27247726999999999
 0.26926209000000001
 0.25582641
 0.2433276
 0.20394038
 0.16874338
 0.13852496
 0.08809496
 0.06244429
 0.037215379999999999
 0.019363689999999999
 0.00142322
 0
 0
 0
 0.0048155899999999998
 0.018637770000000001
 0.038664469999999999
 0.067029690000000003
 0.091513059999999993
 0.11092518
 0.1280461
 0.14807931999999999
 0.15921929000000001
 0.15497055000000001
 0.14569789
 0.13716397
 0.13654664
 0.13050406000000001
 0.10394850999999999
 0.091788170000000002
 0.055616989999999998
 0.070816500000000004
 0.03876106
 0.02741418
 0


