# Created by Octave 7.3.0, Sat Oct 14 02:29:43 2023 UTC <jovyan@224710f94f77>
# name: C
# type: scalar
5


# name: Cex
# type: matrix
# rows: 28
# columns: 1
 260
 265
 275
 280
 290
 295
 300
 305
 310
 315
 320
 325
 330
 335
 340
 345
 350
 355
 360
 370
 380
 390
 400
 410
 420
 430
 440
 450


# name: Cem
# type: matrix
# rows: 49
# columns: 1
 310
 315
 320
 325
 330
 335
 340
 345
 350
 355
 360
 365
 370
 375
 380
 385
 390
 395
 400
 405
 410
 415
 420
 425
 430
 435
 440
 445
 450
 455
 460
 465
 470
 475
 480
 485
 490
 495
 500
 505
 510
 515
 520
 525
 530
 535
 540
 545
 550


# name: Cex1
# type: matrix
# rows: 28
# columns: 1
 0.35145915
 0.33104346000000001
 0.28140538999999998
 0.26622617999999998
 0.22753517000000001
 0.21430588
 0.20286573999999999
 0.19270515999999999
 0.18472644999999999
 0.17951642000000001
 0.17319677
 0.17176812999999999
 0.16759740000000001
 0.16641395
 0.16712848999999999
 0.16103227000000001
 0.16053878999999999
 0.15884618
 0.16100724999999999
 0.15754509
 0.15156277000000001
 0.14598825000000001
 0.13520455000000001
 0.12165218
 0.10691425
 0.086947010000000005
 0.068207210000000004
 0.050797679999999998


# name: Cem1
# type: matrix
# rows: 49
# columns: 1
 0
 0
 0
 0
 0
 0
 0
 0
 0
 0
 0
 0
 0
 0
 0
 0
 0
 0
 0
 0
 0
 0
 0.0032830799999999999
 0.016737450000000001
 0.026038909999999998
 0.049475070000000003
 0.079903970000000005
 0.097354969999999999
 0.11833353000000001
 0.14767384
 0.16525275
 0.18332428000000001
 0.19311196
 0.20722783
 0.21607214
 0.22738
 0.23407679000000001
 0.23880957999999999
 0.24078568
 0.24735090000000001
 0.24945740999999999
 0.24731813999999999
 0.24359396999999999
 0.24101462000000001
 0.23311465000000001
 0.22469732000000001
 0.21633958
 0.20850526999999999
 0.19610573000000001


# name: Cex2
# type: matrix
# rows: 28
# columns: 1
 0.35776316000000002
 0.32151618999999998
 0.26422533999999998
 0.25970152000000002
 0.25098978
 0.25574232000000002
 0.25907265000000002
 0.26319704999999999
 0.26010959
 0.25460250000000001
 0.23770151
 0.22696187000000001
 0.19812225
 0.17584664999999999
 0.1540542
 0.12149469
 0.094697509999999999
 0.072468060000000001
 0.054305630000000001
 0.015875279999999999
 0
 0
 0
 0
 0
 0
 0
 0


# name: Cem2
# type: matrix
# rows: 49
# columns: 1
 0
 0
 0
 0
 0
 0
 0
 0
 0
 0.01215686
 0.028706789999999999
 0.045481000000000001
 0.066252539999999999
 0.086857770000000001
 0.11031659000000001
 0.13426993000000001
 0.15468032000000001
 0.17524693999999999
 0.19854158999999999
 0.21950363000000001
 0.23846827000000001
 0.25171047000000002
 0.2615806
 0.26440185999999999
 0.26415051000000001
 0.26211744999999997
 0.24905569
 0.24188193999999999
 0.22737801999999999
 0.21178378
 0.19643484999999999
 0.17972571000000001
 0.16421686999999999
 0.14842791999999999
 0.13118091000000001
 0.11758685000000001
 0.10467352000000001
 0.093693029999999997
 0.083122169999999995
 0.073602230000000005
 0.06467755
 0.054886079999999997
 0.050698800000000002
 0.043238779999999997
 0.037346980000000002
 0.031379200000000003
 0.02674027
 0.023038759999999998
 0.01477622


# name: Cex3
# type: matrix
# rows: 28
# columns: 1
 0.23969747
 0.22830237
 0.23391783999999999
 0.25516744000000002
 0.29643977999999999
 0.31143034000000003
 0.31787646000000003
 0.31195261000000002
 0.29685293000000001
 0.27789427
 0.25094681000000002
 0.22432329000000001
 0.19585496999999999
 0.16694455
 0.14013724
 0.10817017
 0.07907045
 0.0574116
 0.03871376
 0.01057864
 0
 0
 0
 0
 0
 0
 0
 0


# name: Cem3
# type: matrix
# rows: 49
# columns: 1
 0
 0
 0
 0
 0
 0.0058836499999999998
 0.024565279999999998
 0.043268250000000001
 0.061327590000000001
 0.089282360000000005
 0.11126168
 0.13076361
 0.15810566000000001
 0.18288885999999999
 0.20566221000000001
 0.22998215999999999
 0.24529335999999999
 0.25792975000000001
 0.26660979000000001
 0.27315816999999998
 0.27224205000000001
 0.26458426000000002
 0.25633901999999997
 0.24159312999999999
 0.22876210999999999
 0.21316568999999999
 0.19143384999999999
 0.17583301000000001
 0.15735188
 0.13940425000000001
 0.12236494000000001
 0.10578235
 0.09165181
 0.078243989999999999
 0.064666570000000007
 0.053520060000000001
 0.044122880000000003
 0.03449203
 0.027371079999999999
 0.021684990000000001
 0.015875759999999999
 0.0109376
 0.0068228100000000003
 0.0036215900000000001
 0.00144914
 0.00013912000000000001
 0
 0
 0.0021210000000000001


# name: Cex4
# type: matrix
# rows: 28
# columns: 1
 0.28806532000000001
 0.21191747999999999
 0.1170967
 0.068163920000000003
 0.015516490000000001
 0
 0
 0.00418769
 0.031054680000000001
 0.051582879999999998
 0.094535850000000005
 0.12388929
 0.18949674999999999
 0.23059261
 0.26406657
 0.30902024
 0.33507699000000002
 0.34230659000000002
 0.34676535000000003
 0.33203779999999999
 0.26197532000000001
 0.17160286999999999
 0.10448107
 0.04727315
 0.01001669
 0
 0
 0


# name: Cem4
# type: matrix
# rows: 49
# columns: 1
 0.00054856000000000002
 0.00050217000000000003
 0
 0
 0
 0
 0
 0
 0
 0
 0
 0
 0.00017134
 0.0086094599999999993
 0.016766679999999999
 0.033885440000000003
 0.047374670000000001
 0.073660310000000007
 0.096892759999999994
 0.12822918
 0.15630087000000001
 0.18599077999999999
 0.21422216999999999
 0.23384993000000001
 0.25097091999999999
 0.26422886000000001
 0.26645866000000001
 0.27433607999999998
 0.27079073999999997
 0.26349466999999999
 0.25352142
 0.23863926999999999
 0.22639697
 0.21030036999999999
 0.1925182
 0.17223911
 0.15623986000000001
 0.13780792
 0.12099546
 0.10870618
 0.094805089999999995
 0.080598569999999994
 0.070600720000000006
 0.05842816
 0.049585789999999998
 0.038899540000000003
 0.032175629999999997
 0.02703883
 0.02572321


# name: Cex5
# type: matrix
# rows: 28
# columns: 1
 0.47895871000000001
 0.42877638000000001
 0.37349756000000001
 0.36479470000000003
 0.31592652999999998
 0.28944547999999998
 0.23803999000000001
 0.18152881000000001
 0.13973028000000001
 0.10085759
 0.094641829999999996
 0.035989599999999997
 0.03184269
 0.0025866000000000001
 0
 0
 0
 0
 0
 0
 0
 0
 0
 0
 0
 0
 0
 0


# name: Cem5
# type: matrix
# rows: 49
# columns: 1
 0.026739720000000002
 0.061686020000000001
 0.093435229999999994
 0.12515804
 0.19683830999999999
 0.26386843999999998
 0.30579689999999998
 0.35530745000000002
 0.39152362000000002
 0.36637982000000002
 0.33939177999999998
 0.29185826999999998
 0.24088593999999999
 0.20002837000000001
 0.14678179999999999
 0.12108998999999999
 0.087118290000000001
 0.072310479999999996
 0.045115860000000001
 0.03036691
 0.016864819999999999
 0.00801784
 0.01332329
 0.00821589
 0.01455158
 0.00068749999999999996
 0
 0
 0
 0
 0
 0
 0.01025476
 0.020151800000000001
 0.033814230000000001
 0.023970379999999999
 0.030519149999999998
 0.01851711
 0.0062199899999999999
 0.015561719999999999
 0.01490965
 0.015215009999999999
 0
 0
 0
 0
 0
 0
 0


