# Created by Octave 7.3.0, Sat Sep 30 02:20:19 2023 UTC <jovyan@224710f94f77>
# name: C
# type: scalar
4


# name: Cex
# type: matrix
# rows: 41
# columns: 1
 250
 255
 260
 265
 270
 275
 280
 285
 290
 295
 300
 305
 310
 315
 320
 325
 330
 335
 340
 345
 350
 355
 360
 365
 370
 375
 380
 385
 390
 395
 400
 405
 410
 415
 420
 425
 430
 435
 440
 445
 450


# name: Cem
# type: matrix
# rows: 106
# columns: 1
 252
 255
 258
 261
 264
 268
 271
 274
 277
 280
 284
 287
 290
 293
 297
 300
 303
 306
 310
 313
 316
 319
 323
 326
 329
 332
 336
 339
 342
 345
 349
 352
 355
 358
 362
 365
 368
 371
 375
 378
 381
 385
 388
 391
 394
 398
 401
 404
 408
 411
 414
 417
 421
 424
 427
 431
 434
 437
 441
 444
 447
 450
 454
 457
 460
 464
 467
 470
 474
 477
 480
 484
 487
 490
 493
 497
 500
 503
 507
 510
 513
 517
 520
 523
 527
 530
 533
 537
 540
 543
 547
 550
 553
 557
 560
 563
 567
 570
 573
 577
 580
 583
 587
 590
 593
 597


# name: Cex1
# type: matrix
# rows: 41
# columns: 1
 1
 0.89442501008066999
 0.79593093047444996
 0.71146340645579997
 0.66406796380421995
 0.64805430015738996
 0.66411966916759002
 0.69868384246768001
 0.73090406606284997
 0.76739728122706996
 0.80098568106478996
 0.81300233433135005
 0.80034331088816002
 0.76941768017624002
 0.72627130588342004
 0.67272933419580005
 0.61463422079080998
 0.54683248196054002
 0.47171981737534002
 0.39375385282706998
 0.31825865443417001
 0.24930151720881
 0.18618751240244
 0.12542258965738001
 0.075634704573938005
 0.041160974236915997
 0.015877166967536001
 0
 0
 0
 3.0223501181979999e-18
 0
 0
 0
 0
 0
 0
 0
 2.0715634533999999e-20
 2.0921798217e-20
 2.1141496466999999e-20


# name: Cem1
# type: matrix
# rows: 106
# columns: 1
 0
 0
 0
 8.1579782590000005e-21
 0
 0
 0
 2.6105530430299998e-19
 0
 0
 0
 0
 0
 0
 0
 0
 0
 0
 0
 0
 0
 0
 0
 0
 0.0016464461085623999
 0.011238533402135001
 0.022633930565536999
 0.036620478395357002
 0.048314892706985003
 0.066760170718221004
 0.090386975825404003
 0.11457423279490001
 0.14847234112051999
 0.17767514858722999
 0.21710454557767001
 0.25630282730467002
 0.30755357011569001
 0.35438005063290001
 0.41796771394882998
 0.47383187561107998
 0.54049167352906002
 0.60226779416660003
 0.65411270653563003
 0.70299903129184005
 0.75711905564867998
 0.80784784145122002
 0.85168977825462
 0.89290455891688003
 0.92555532993862
 0.95080562648314004
 0.97330692633507998
 0.98665238748633
 0.99354263642901997
 1
 0.99784340152247997
 0.99305506593373005
 0.97870632007845004
 0.96279420057343001
 0.93773819861434005
 0.90339511480169998
 0.86389425815168996
 0.82157475422927995
 0.77840907801813997
 0.73501795872887998
 0.69103918306977996
 0.64511030645400003
 0.60003154270680004
 0.55494130365313998
 0.5171831640215
 0.47539622951304
 0.43559091215788998
 0.40141527061409998
 0.36823580344667001
 0.33595026391747002
 0.30556909091375001
 0.27800634631003002
 0.25263143419030998
 0.22527630649137001
 0.20395246633058001
 0.18357651554727999
 0.16500999876436001
 0.1498607179318
 0.14140391757776
 0.12732584107450001
 0.11299424545679999
 0.096633489107736004
 0.086239148834622997
 0.076840970936959005
 0.071911803559073006
 0.064246440128105001
 0.060284548097955998
 0.050063023518647998
 0.047249153032298
 0.042058820807878997
 0.035369274253716998
 0.035798957707786003
 0.03116517113012
 0.031131584394129001
 0.028796950716457999
 0.028687380040726001
 0.024162764463785
 0.023473881575774999
 0.025869262084018001
 0.019083207492651001
 0.021924964370529001
 0.019233361081992001


# name: Cex2
# type: matrix
# rows: 41
# columns: 1
 0.71144646155658997
 0.76734394356295998
 0.75772556447509998
 0.69120823133628995
 0.54127738106625001
 0.38089779424637998
 0.23349502477223
 0.10523464552651
 0.025687716387131999
 0
 0
 0.038838364738913
 0.11490432616084
 0.20567283972291001
 0.30983791195817001
 0.42812796970382999
 0.54313482877373997
 0.65922177491531997
 0.77071049948179005
 0.86369891426490997
 0.94615681042073996
 0.99876890068865998
 1
 0.96882856241040005
 0.91922864102088997
 0.85557583652725999
 0.78984465902818002
 0.70674958520987996
 0.59209871815818005
 0.48763971598762001
 0.3887988354079
 0.30048199966854999
 0.22705766786570999
 0.16340872892482999
 0.11042229925318001
 0.065366915436588
 0.027930187579918001
 4.3101180683300003e-18
 0
 0
 0


# name: Cem2
# type: matrix
# rows: 106
# columns: 1
 0
 0
 1.5866419870252e-05
 2.1373782831377999e-05
 7.6445000981388003e-05
 9.1083281932664005e-05
 6.1560956643737005e-05
 0
 0
 0
 0
 5.8315827229999998e-21
 5.7192019364200002e-19
 5.3625006929999997e-21
 3.9500777810000001e-21
 2.54837965377e-19
 0.00025726607383365
 0.0040436055440601004
 0.0068894831484040998
 0.0084411144176310994
 0.010301192269514
 0.0090290697948647997
 0.011544006950746
 0.0096213066838885999
 0.0079654190940058999
 0.0044787363519808001
 0
 0
 0
 0
 0
 0
 0
 0
 4.5283587379469998e-18
 0
 0
 0
 0
 0
 0.0030534520066436001
 0.019793817909437999
 0.035113399223734
 0.061065525984436
 0.090488375226824999
 0.12601646961179999
 0.16270833274136001
 0.20969336986786
 0.25265893905320003
 0.30411361941935999
 0.35254162104119002
 0.40406299804501
 0.45855684342969999
 0.51466230168390004
 0.56648263748403005
 0.61767616019065996
 0.67571378076649002
 0.73390102630227005
 0.78152719890068001
 0.82328084572760996
 0.86398718108878003
 0.90208135293988001
 0.93489987951465003
 0.95697628519932998
 0.97616494751742
 0.98936975774542002
 1
 0.99779254084206004
 0.99849124118599997
 0.99639044692707002
 0.98721372966607002
 0.98159062897753002
 0.97062117054666996
 0.95749355911704004
 0.93921650465835005
 0.91930441764647997
 0.89377354454692004
 0.86386609834599004
 0.82649829600994995
 0.79409342721766996
 0.76732714150862003
 0.74953340843307004
 0.72969809202781999
 0.70837982265815003
 0.67220217754324996
 0.63688897429089997
 0.60754124503711004
 0.57821614794223997
 0.56267790397456996
 0.54447058404992998
 0.52539445283553998
 0.49708584293274999
 0.47218157371808001
 0.44342449079216001
 0.41899990397527997
 0.39407656556531001
 0.3748600243738
 0.35985038316946999
 0.34268770903648998
 0.31806358103728999
 0.29964728786716999
 0.28026400730319001
 0.25923838821035
 0.24855612799778001
 0.23285560333054001
 0.22285462444210999


# name: Cex3
# type: matrix
# rows: 41
# columns: 1
 0.93776058807712004
 0.87109707341659004
 0.84193552824553997
 0.83789879744184004
 0.88283000319805005
 0.92518583855200998
 0.96637577879570002
 1
 0.99852308347342
 0.96762708463809
 0.93167256026158995
 0.86741016839665996
 0.77339252471721998
 0.67495332639698002
 0.57212998217763
 0.46109937947703999
 0.36172529940030002
 0.26525351819826998
 0.17001210663798
 0.093231430682128996
 0.030513834966494
 1.7395916317090001e-18
 0
 0
 0.014463473115987001
 0.055030540572279997
 0.10516544239064
 0.16669594577892999
 0.25041965496502999
 0.32507419987141001
 0.38653866263293002
 0.43083356730458
 0.4590641414144
 0.47726912043936998
 0.48203962390626998
 0.48126160168604998
 0.47028587838496
 0.45201814679021002
 0.40048703691088999
 0.35441385759390998
 0.31372223014679002


