# Created by Octave 7.3.0, Sun Oct 22 02:26:39 2023 UTC <jovyan@224710f94f77>
# name: C
# type: scalar
3


# name: Cex
# type: matrix
# rows: 33
# columns: 1
 240
 245
 250
 255
 260
 265
 270
 275
 280
 285
 290
 295
 300
 305
 310
 315
 320
 325
 330
 335
 340
 345
 350
 355
 360
 365
 370
 375
 380
 385
 390
 395
 400


# name: Cem
# type: matrix
# rows: 56
# columns: 1
 280
 284
 288
 292
 296
 300
 304
 308
 312
 316
 320
 324
 328
 332
 336
 340
 344
 348
 352
 356
 360
 364
 368
 372
 376
 380
 384
 388
 392
 396
 400
 404
 408
 412
 416
 420
 424
 428
 432
 436
 440
 444
 448
 452
 456
 460
 464
 468
 472
 476
 480
 484
 488
 492
 496
 500


# name: Cex1
# type: matrix
# rows: 33
# columns: 1
 0.295608184
 0.29372848699999998
 0.278355776
 0.262375531
 0.26364179799999998
 0.23154745400000001
 0.21119344200000001
 0.188761129
 0.169309607
 0.15658545600000001
 0.14631471400000001
 0.142739054
 0.13646050100000001
 0.140094844
 0.14687471899999999
 0.15074006400000001
 0.15442493900000001
 0.160843704
 0.16082254400000001
 0.162785071
 0.16024516599999999
 0.15830291299999999
 0.155416888
 0.148753783
 0.140502445
 0.13211147500000001
 0.121837401
 0.111490643
 0.101665958
 0.091892046000000005
 0.082972219
 0.074704238000000006
 0.065853833000000001


# name: Cem1
# type: matrix
# rows: 56
# columns: 1
 0
 0
 0
 0.0016114180000000001
 0.0023031660000000002
 0
 0
 0
 0
 0
 0
 0
 0
 0
 0
 0
 0
 0
 0
 0.0045520059999999999
 0.0092307529999999995
 0.011097334
 0.013254933999999999
 0.015960714000000001
 0.022526399999999999
 0.026767294000000001
 0.034057415000000001
 0.041491966999999998
 0.049921010000000002
 0.056202130000000003
 0.069092239
 0.080041776999999995
 0.093852411999999996
 0.108016458
 0.12541297400000001
 0.148446249
 0.162399818
 0.16974102899999999
 0.175122942
 0.18569603500000001
 0.198208735
 0.20686671000000001
 0.217442409
 0.222755798
 0.22780404700000001
 0.23070360500000001
 0.23293899100000001
 0.23204988800000001
 0.231396239
 0.229350791
 0.22964510599999999
 0.233317895
 0.23160979500000001
 0.222580841
 0.21698478099999999
 0.20981504500000001


# name: Cex2
# type: matrix
# rows: 33
# columns: 1
 0.373348391
 0.32960372599999999
 0.30104025699999998
 0.26714384800000002
 0.22608324699999999
 0.201409267
 0.17559334099999999
 0.16569831600000001
 0.16469181699999999
 0.17107465599999999
 0.17914844999999999
 0.18610296200000001
 0.19386996000000001
 0.19918797699999999
 0.199999278
 0.19503341299999999
 0.184661888
 0.17213255899999999
 0.158916486
 0.142853547
 0.128724952
 0.11337164399999999
 0.097245604999999999
 0.076899644000000003
 0.059912074000000003
 0.044522515999999998
 0.033302803999999998
 0.022479242999999999
 0.013758361
 0.0059434450000000003
 0
 0
 0


# name: Cem2
# type: matrix
# rows: 56
# columns: 1
 0
 0
 0
 0.00085706900000000002
 0.0018885799999999999
 0.013501165000000001
 0.020110520999999999
 0.027202889000000001
 0.032021687
 0.042135661999999997
 0.050986113
 0.053962596000000002
 0.063606459000000004
 0.070463150000000002
 0.076621775000000003
 0.084146152000000002
 0.089536341000000005
 0.10038794400000001
 0.109859175
 0.115859622
 0.123423676
 0.13809666100000001
 0.15137468700000001
 0.16414541799999999
 0.17344372199999999
 0.18735188899999999
 0.19883510600000001
 0.210167088
 0.22060724900000001
 0.23367086100000001
 0.234449307
 0.23924098099999999
 0.23686067299999999
 0.23596541600000001
 0.22834515499999999
 0.21417033099999999
 0.20163025400000001
 0.193161683
 0.18963332499999999
 0.17920863000000001
 0.16664704299999999
 0.15493185200000001
 0.13757491899999999
 0.121358223
 0.103607298
 0.094738283000000006
 0.075916811000000001
 0.063942035999999994
 0.050743107000000003
 0.041443879000000003
 0.029521326000000001
 0.016219038000000002
 0.0047349929999999998
 0.00264687
 0
 0


# name: Cex3
# type: matrix
# rows: 33
# columns: 1
 0.46972960899999999
 0.38008280500000002
 0.37032716700000001
 0.35214917000000001
 0.26573526400000003
 0.28320138900000003
 0.22860350600000001
 0.21942678400000001
 0.18578652600000001
 0.164168496
 0.14249933300000001
 0.108707395
 0.113314252
 0.087423208000000002
 0.054525683999999998
 0.039640309999999998
 0.023568669
 0.0055306870000000003
 0.0045016409999999998
 0
 0.003049244
 0.002933087
 0.0044116870000000001
 0
 0
 0.010400754
 0.010625796
 0.010084935
 0.020503197000000001
 0.020603389
 0.021868618999999999
 0.026354833000000001
 0.030185463999999999


# name: Cem3
# type: matrix
# rows: 56
# columns: 1
 0.114812412
 0.116495235
 0.123306153
 0.114472618
 0.119163192
 0.10126128
 0.072220115000000001
 0.061276228000000002
 0.055461552999999997
 0.038199999999999998
 0.027404029999999999
 0.030765223000000001
 0.025451971
 0.027296908000000002
 0.028072426000000001
 0.024573613000000001
 0.031366723999999999
 0.025305181
 0.027390336000000001
 0.029482270000000001
 0.041413696
 0.036286156
 0.032845377000000002
 0.042358447
 0.051626221999999999
 0.062365043000000002
 0.067591238999999997
 0.076489828999999995
 0.090390085999999994
 0.089897698999999998
 0.091939741000000005
 0.096469044000000004
 0.10672050600000001
 0.10149104
 0.108188066
 0.11468410900000001
 0.14245134100000001
 0.13961226099999999
 0.14758393
 0.14976335900000001
 0.14979252000000001
 0.15615051299999999
 0.161035545
 0.16926058599999999
 0.18045814499999999
 0.17932651799999999
 0.192745052
 0.204598903
 0.219710033
 0.22830883299999999
 0.238958899
 0.242956317
 0.25216185400000002
 0.26283759099999998
 0.247809948
 0.23680747099999999


