# Created by Octave 7.3.0, Sun Oct 22 02:22:57 2023 UTC <jovyan@224710f94f77>
# name: C
# type: scalar
5


# name: Cex
# type: matrix
# rows: 33
# columns: 1
 240
 245
 250
 255
 260
 265
 270
 275
 280
 285
 290
 295
 300
 305
 310
 315
 320
 325
 330
 335
 340
 345
 350
 355
 360
 365
 370
 375
 380
 385
 390
 395
 400


# name: Cem
# type: matrix
# rows: 28
# columns: 1
 280
 288
 296
 304
 312
 320
 328
 336
 344
 352
 360
 368
 376
 384
 392
 400
 408
 416
 424
 432
 440
 448
 456
 464
 472
 480
 488
 496


# name: Cex1
# type: matrix
# rows: 33
# columns: 1
 0.30493385000000001
 0.28399307000000001
 0.26710439499999999
 0.25997343000000001
 0.27081581500000002
 0.26874175500000003
 0.26585305999999997
 0.246668835
 0.22768263999999999
 0.214170682
 0.197661538
 0.181090845
 0.17603469399999999
 0.16473860800000001
 0.155583841
 0.14749410900000001
 0.13269998
 0.12143984300000001
 0.112634178
 0.10145628199999999
 0.094767560000000001
 0.088595861999999997
 0.086797820999999997
 0.081207118999999994
 0.076866824
 0.074503154000000002
 0.069341860000000005
 0.073969453000000004
 0.077442657999999998
 0.078162840999999997
 0.075930514000000005
 0.076160168
 0.070557700000000001


# name: Cem1
# type: matrix
# rows: 28
# columns: 1
 0
 0.00052716799999999995
 0.000668773
 0
 0
 0
 0.0032753970000000002
 0
 0
 0
 0
 0
 0
 0
 0.026832768999999999
 0.061725502000000002
 0.088875873999999994
 0.12836708699999999
 0.174257205
 0.213181963
 0.255282813
 0.292286816
 0.32337630299999998
 0.34193403300000003
 0.352166233
 0.35860594400000001
 0.37205623999999998
 0.36349996000000001


# name: Cex2
# type: matrix
# rows: 33
# columns: 1
 0.33259293899999998
 0.29528000999999998
 0.26355943500000001
 0.21867120100000001
 0.198879529
 0.18722055800000001
 0.18417141400000001
 0.17885995700000001
 0.18260934200000001
 0.19680576599999999
 0.20625723900000001
 0.21362719199999999
 0.227706721
 0.23185079
 0.23332539899999999
 0.227755076
 0.212568703
 0.19138042599999999
 0.17174735399999999
 0.149999569
 0.12712290000000001
 0.103120501
 0.082269067000000001
 0.057562396000000002
 0.036351712000000001
 0.014653691999999999
 0
 0
 0
 0
 0
 0
 0


# name: Cem2
# type: matrix
# rows: 28
# columns: 1
 0
 0
 0
 0
 0
 0
 0.007052872
 0.038841762000000002
 0.074823037999999994
 0.109496939
 0.158360477
 0.21524374399999999
 0.26604671899999999
 0.31376864300000001
 0.33585999300000002
 0.34241642100000003
 0.34843276699999998
 0.32915749700000002
 0.297884645
 0.26686650000000001
 0.22247069999999999
 0.18254326000000001
 0.139438269
 0.101553005
 0.073770293000000001
 0.046421846000000003
 0.017077946
 0


# name: Cex3
# type: matrix
# rows: 33
# columns: 1
 0.31135728600000001
 0.314470739
 0.339111528
 0.305101872
 0.216912151
 0.16972700199999999
 0.075464844000000003
 0.065623743999999998
 0.027241296000000002
 0.0032960009999999998
 0
 0
 0
 0.0088042439999999993
 0.026486042000000001
 0.053494462
 0.083637829999999996
 0.117447564
 0.14060003099999999
 0.178322545
 0.20748354099999999
 0.23448743499999999
 0.237028039
 0.23681913399999999
 0.23293903699999999
 0.23640519099999999
 0.215072133
 0.17322373899999999
 0.134573953
 0.095259398999999995
 0.072932813999999999
 0.052443017000000001
 0.038826222000000001


# name: Cem3
# type: matrix
# rows: 28
# columns: 1
 0
 0
 0
 0
 0.0014957060000000001
 0.0035570100000000002
 0
 0
 0
 0
 0
 0
 0.020918786000000002
 0.064842695000000006
 0.112662765
 0.15335569199999999
 0.20608422400000001
 0.244981222
 0.28196073300000002
 0.31348789799999999
 0.33041564800000001
 0.33499401099999998
 0.32560248400000003
 0.31200087100000001
 0.294944912
 0.26998416200000003
 0.22937015699999999
 0.20400348600000001


# name: Cex4
# type: matrix
# rows: 33
# columns: 1
 0.35999648099999998
 0.42030232299999998
 0.456092624
 0.42676319400000001
 0.35225914600000002
 0.28755966399999999
 0.18268836999999999
 0.15426582599999999
 0.11576402299999999
 0.086701627000000003
 0.078142767000000002
 0.065391492999999995
 0.054987951
 0.039840296999999997
 0.020613762000000001
 0.013746318
 0
 0
 0
 0
 0.001901767
 0.008015164
 0.0091573620000000005
 0.015221991000000001
 0.022355682000000002
 0.032511986
 0.034030916000000001
 0.0052121570000000002
 0
 0
 0
 0
 0


# name: Cem4
# type: matrix
# rows: 28
# columns: 1
 0.0077366539999999999
 0.022557865999999999
 0.022797057999999999
 0.034096525000000003
 0.053544807999999999
 0.047778374999999998
 0.034514336999999999
 0.038546399000000002
 0.052616125
 0.096636305000000006
 0.16431609599999999
 0.21630696999999999
 0.26940428
 0.30192655299999999
 0.306902552
 0.31039936400000001
 0.30008860700000001
 0.286816882
 0.28028193699999998
 0.26241395000000001
 0.23573075199999999
 0.208957532
 0.18657379700000001
 0.16334932799999999
 0.155193199
 0.14661996599999999
 0.116429382
 0.100757373


# name: Cex5
# type: matrix
# rows: 33
# columns: 1
 0.37948427699999998
 0.30093556199999999
 0.27369423500000001
 0.252256759
 0.24788175900000001
 0.25426473599999999
 0.270582184
 0.29381456700000003
 0.297212592
 0.29322819700000002
 0.25712327499999998
 0.22049313800000001
 0.17149847100000001
 0.129649866
 0.071384344000000002
 0.029188327
 0.0057986619999999996
 0
 0
 0
 0
 0
 0
 0
 0
 0
 0
 0
 0
 0
 0
 0
 0


# name: Cem5
# type: matrix
# rows: 28
# columns: 1
 0.044154905000000001
 0.17743725299999999
 0.284081888
 0.333719722
 0.30569623299999998
 0.33216127499999998
 0.36865277899999999
 0.35398831800000002
 0.31744074999999999
 0.28003772399999999
 0.23493523499999999
 0.172691382
 0.13609802100000001
 0.110665611
 0.084882122000000004
 0.041504257000000003
 0.022424174000000002
 0.025220290999999999
 0.0020980740000000001
 0.0094512799999999994
 0.035980560000000002
 0.024667377000000001
 0.020922966000000001
 0.028776612999999999
 0.016216092000000001
 0.030474713
 0.0020207340000000002
 0


