# Created by Octave 7.3.0, Sun Oct 22 02:19:47 2023 UTC <jovyan@224710f94f77>
# name: C
# type: scalar
4


# name: Cex
# type: matrix
# rows: 33
# columns: 1
 240
 245
 250
 255
 260
 265
 270
 275
 280
 285
 290
 295
 300
 305
 310
 315
 320
 325
 330
 335
 340
 345
 350
 355
 360
 365
 370
 375
 380
 385
 390
 395
 400


# name: Cem
# type: matrix
# rows: 56
# columns: 1
 280
 284
 288
 292
 296
 300
 304
 308
 312
 316
 320
 324
 328
 332
 336
 340
 344
 348
 352
 356
 360
 364
 368
 372
 376
 380
 384
 388
 392
 396
 400
 404
 408
 412
 416
 420
 424
 428
 432
 436
 440
 444
 448
 452
 456
 460
 464
 468
 472
 476
 480
 484
 488
 492
 496
 500


# name: Cex1
# type: matrix
# rows: 33
# columns: 1
 0.31136186199999999
 0.302051925
 0.29314079900000001
 0.28897465900000002
 0.28868578499999997
 0.26520542400000002
 0.24072217700000001
 0.21483295699999999
 0.18828070599999999
 0.16591194100000001
 0.14856186800000001
 0.13389272199999999
 0.124563335
 0.118850045
 0.117677853
 0.11817161800000001
 0.118701453
 0.121708338
 0.123667579
 0.126147485
 0.129888587
 0.13411413699999999
 0.13447524599999999
 0.13351231699999999
 0.12918660200000001
 0.124980283
 0.116397817
 0.107327698
 0.101125937
 0.092633102999999994
 0.083517199
 0.076089707000000006
 0.065976417999999995


# name: Cem1
# type: matrix
# rows: 56
# columns: 1
 0
 0
 0
 0
 0
 0
 0
 0
 0.000110744
 0.002335883
 0.0043248319999999998
 0.0044911509999999997
 0.0046203499999999996
 0.002215697
 0.00081146899999999999
 0.00062691999999999999
 0
 0
 0
 0
 0
 0
 0
 0
 0
 0
 0
 0.01112951
 0.022211255999999999
 0.037603816999999998
 0.050462959000000002
 0.066665335000000006
 0.083147086999999995
 0.095524190999999994
 0.11328592799999999
 0.129329586
 0.145395365
 0.16015249100000001
 0.176667672
 0.190800056
 0.20123533199999999
 0.21247155200000001
 0.22324850700000001
 0.23083303099999999
 0.233349327
 0.23649621100000001
 0.23943656899999999
 0.23792289699999999
 0.238953052
 0.23649373200000001
 0.23336736199999999
 0.23145636
 0.22887965800000001
 0.22424907799999999
 0.22067265599999999
 0.21304946399999999


# name: Cex2
# type: matrix
# rows: 33
# columns: 1
 0.36709205499999997
 0.34948521500000002
 0.32293033700000001
 0.28168463799999999
 0.24145017699999999
 0.19376227600000001
 0.16457688700000001
 0.14828608200000001
 0.14370632699999999
 0.15082978699999999
 0.15947942300000001
 0.17082227
 0.17853765599999999
 0.186176806
 0.19249265700000001
 0.188998413
 0.18375871399999999
 0.179399904
 0.166041676
 0.15442239799999999
 0.13690572500000001
 0.119703902
 0.10328404300000001
 0.085382892000000002
 0.068242400999999994
 0.049934205000000002
 0.034973821000000002
 0.020084828999999998
 0.0074700749999999996
 0
 0
 0
 0


# name: Cem2
# type: matrix
# rows: 56
# columns: 1
 0
 0
 0
 0
 0
 0
 0
 0.0038944380000000001
 0.01070723
 0.0085090689999999993
 0.0048920669999999999
 0
 0
 0
 0
 0
 0.016713316999999998
 0.029766968000000001
 0.048655214000000002
 0.068266936
 0.088632495000000006
 0.112260212
 0.132362601
 0.15137151600000001
 0.17314294599999999
 0.19468638799999999
 0.21915968
 0.226609902
 0.237591523
 0.24219270100000001
 0.24585965000000001
 0.24985428700000001
 0.24491350100000001
 0.24462135199999999
 0.23634129600000001
 0.231597473
 0.22092057200000001
 0.21106292099999999
 0.19347919199999999
 0.182813638
 0.17163226100000001
 0.157897492
 0.141284259
 0.12598374300000001
 0.11225247100000001
 0.097770863999999999
 0.082191255000000005
 0.071335821999999993
 0.055422311000000002
 0.046188834999999998
 0.038352943
 0.025971757000000002
 0.015187826999999999
 0.010503477000000001
 0.00091823000000000002
 0


# name: Cex3
# type: matrix
# rows: 33
# columns: 1
 0.383404509
 0.36072588100000003
 0.361273503
 0.30527686900000001
 0.248179654
 0.25407311599999999
 0.20504866399999999
 0.204611615
 0.18216147799999999
 0.18120488500000001
 0.182586885
 0.17326469999999999
 0.189161631
 0.17528348799999999
 0.15532963399999999
 0.145513268
 0.12732589999999999
 0.101172708
 0.089100366
 0.075686771
 0.063548753999999999
 0.047064891999999997
 0.033372536000000001
 0.016554561999999998
 0.0074049229999999999
 0.0083313959999999996
 0
 0
 0
 0
 0
 0.0010556230000000001
 0.0064677679999999996


# name: Cem3
# type: matrix
# rows: 56
# columns: 1
 0.0039765820000000002
 0.014042865
 0.0083965640000000005
 0
 0
 0
 0
 0
 0.0021859800000000001
 2.3300000000000001e-05
 0
 0
 0
 0
 0.0030090109999999998
 0.0029901979999999999
 0.0075797770000000002
 0.014226957
 0.022853831000000002
 0.036516417000000002
 0.048209087999999997
 0.065610544000000007
 0.081173941999999999
 0.097307578000000006
 0.117509876
 0.13060248099999999
 0.15502494
 0.16999510000000001
 0.181903542
 0.18201235900000001
 0.1919525
 0.19579318600000001
 0.19618280900000001
 0.20057857900000001
 0.19711920899999999
 0.201640019
 0.19988863500000001
 0.19107700799999999
 0.18941984000000001
 0.17706613500000001
 0.18161759399999999
 0.17439734900000001
 0.165222432
 0.16476953999999999
 0.16525181899999999
 0.164729814
 0.16442399999999999
 0.16267943500000001
 0.16242471
 0.168607959
 0.16923159700000001
 0.171064297
 0.16967364500000001
 0.17146971
 0.16140065000000001
 0.158175446


# name: Cex4
# type: matrix
# rows: 33
# columns: 1
 0.37426721600000001
 0.31248652199999999
 0.28514863499999998
 0.25814527900000001
 0.244891729
 0.2445108
 0.25299919399999998
 0.26619945699999997
 0.272541321
 0.27022663099999999
 0.250017404
 0.218590109
 0.19101085400000001
 0.16597582699999999
 0.13388328999999999
 0.105959045
 0.077767314000000004
 0.046213582000000003
 0.026769103999999998
 0.0047440640000000001
 0
 0
 0
 0
 0
 0
 0
 0
 0
 0
 0
 4.3800000000000001e-05
 0


# name: Cem4
# type: matrix
# rows: 56
# columns: 1
 0.015036104999999999
 0.040400769000000003
 0.072470392999999994
 0.116615943
 0.13645625
 0.158927978
 0.172024916
 0.17421366799999999
 0.16270384800000001
 0.16507986499999999
 0.17679051900000001
 0.19740624100000001
 0.213554298
 0.235074687
 0.25648736
 0.27458682899999998
 0.26465359999999999
 0.25578346600000001
 0.240788425
 0.22473958899999999
 0.21447766600000001
 0.195710422
 0.18188445
 0.17780217600000001
 0.16134436299999999
 0.15328375
 0.131280178
 0.120419346
 0.10155175800000001
 0.087218586000000001
 0.068943886999999995
 0.047177124000000001
 0.041485370000000001
 0.028463855
 0.024643331000000001
 0.0033108389999999999
 0
 0.00072161999999999997
 0
 0
 0
 0
 0
 0
 0.0021576550000000001
 0.003554948
 0.0083072709999999998
 0.016619173000000001
 0.023197682000000001
 0.025112729
 0.029221667999999999
 0.032509165
 0.032989495000000001
 0.031143707999999999
 0.032427938000000003
 0.025602969999999999


