# Created by Octave 7.3.0, Sun Oct 22 02:16:38 2023 UTC <jovyan@224710f94f77>
# name: C
# type: scalar
3


# name: Cex
# type: matrix
# rows: 33
# columns: 1
 240
 245
 250
 255
 260
 265
 270
 275
 280
 285
 290
 295
 300
 305
 310
 315
 320
 325
 330
 335
 340
 345
 350
 355
 360
 365
 370
 375
 380
 385
 390
 395
 400


# name: Cem
# type: matrix
# rows: 56
# columns: 1
 280
 284
 288
 292
 296
 300
 304
 308
 312
 316
 320
 324
 328
 332
 336
 340
 344
 348
 352
 356
 360
 364
 368
 372
 376
 380
 384
 388
 392
 396
 400
 404
 408
 412
 416
 420
 424
 428
 432
 436
 440
 444
 448
 452
 456
 460
 464
 468
 472
 476
 480
 484
 488
 492
 496
 500


# name: Cex1
# type: matrix
# rows: 33
# columns: 1
 0.36755907599999998
 0.33828686099999999
 0.31878182799999999
 0.27674288800000002
 0.242302078
 0.21542916500000001
 0.183061696
 0.17201438199999999
 0.16514553500000001
 0.169674414
 0.175701368
 0.180466774
 0.190278902
 0.19447571
 0.19356975400000001
 0.18803128999999999
 0.175620781
 0.16204786500000001
 0.14681343799999999
 0.132365128
 0.118868893
 0.102502247
 0.087164174999999997
 0.068029381999999999
 0.051377833999999997
 0.036353982
 0.023371580999999999
 0.011193260999999999
 0.0028143880000000001
 0
 0
 0
 0


# name: Cem1
# type: matrix
# rows: 56
# columns: 1
 0
 0
 0
 0
 0
 0.00070883299999999997
 0.0064793899999999998
 0.011275304
 0.013881782
 0.015583413000000001
 0.017593731000000001
 0.020349668000000001
 0.023860816999999999
 0.02857927
 0.031533777999999998
 0.037283915000000001
 0.043360572999999999
 0.048876172000000002
 0.057441234000000001
 0.067394882000000003
 0.075915711999999996
 0.087964975000000001
 0.099144188999999994
 0.110865649
 0.122108676
 0.13345533400000001
 0.14740497399999999
 0.157950006
 0.17111799799999999
 0.18127605599999999
 0.192054737
 0.19940748799999999
 0.20247547299999999
 0.20833194799999999
 0.212737544
 0.21229920999999999
 0.21229941499999999
 0.21186243699999999
 0.210452747
 0.208309722
 0.20390066100000001
 0.19840117500000001
 0.192705813
 0.18643871200000001
 0.17658089199999999
 0.166496318
 0.16103099600000001
 0.15192739799999999
 0.14426641900000001
 0.137706615
 0.13217172799999999
 0.122359763
 0.114619928
 0.10918186000000001
 0.099299925999999997
 0.093430055999999997


# name: Cex2
# type: matrix
# rows: 33
# columns: 1
 0.28757898999999998
 0.28305699299999998
 0.27658833999999999
 0.27380186200000001
 0.26633709700000002
 0.25265595200000002
 0.229864397
 0.20580403799999999
 0.176290107
 0.15001573000000001
 0.12853319499999999
 0.11062754800000001
 0.100286642
 0.094886841999999999
 0.094720760000000001
 0.099601611000000007
 0.106066838
 0.114334269
 0.125229797
 0.13271593700000001
 0.13866550999999999
 0.147696416
 0.15447913799999999
 0.15929948799999999
 0.16110326899999999
 0.164665122
 0.160249423
 0.15557853799999999
 0.15108374499999999
 0.140534188
 0.127538084
 0.119197762
 0.107446869


# name: Cem2
# type: matrix
# rows: 56
# columns: 1
 0
 0
 0
 0
 0
 0
 0
 0
 0
 0
 0
 0
 0
 0
 0
 0
 0
 0
 0
 0
 0.0035899650000000001
 0.0031807739999999999
 0.0051535069999999999
 0.009144737
 0.015316771999999999
 0.024072555999999998
 0.029445702000000001
 0.040181768
 0.046961932999999997
 0.058103522999999997
 0.067560915999999999
 0.080388383999999993
 0.095245700000000003
 0.105369237
 0.11681892000000001
 0.133387017
 0.148201996
 0.15728525900000001
 0.16930593699999999
 0.181364935
 0.19380982499999999
 0.20619471
 0.21538095300000001
 0.222887367
 0.22934229
 0.233859813
 0.23459358499999999
 0.23487156200000001
 0.23584480199999999
 0.23613964400000001
 0.23407264699999999
 0.23763933000000001
 0.23479140700000001
 0.22761611500000001
 0.22358533799999999
 0.216523628


# name: Cex3
# type: matrix
# rows: 33
# columns: 1
 0.29768721999999997
 0.23857003800000001
 0.22266043099999999
 0.24966806599999999
 0.25161372500000001
 0.269723304
 0.29308172900000001
 0.32258611700000001
 0.33259424399999998
 0.32049788899999998
 0.28835021999999999
 0.23722626599999999
 0.19702846800000001
 0.126639695
 0.075398194000000002
 0.047534600000000003
 0.027290556000000001
 0.0080528979999999993
 0.0023996880000000001
 0
 0
 0
 0
 0
 0
 0
 0
 0
 0
 0.0016887860000000001
 0.0049327879999999996
 0.007746457
 0.0084384430000000003


# name: Cem3
# type: matrix
# rows: 56
# columns: 1
 0.116203268
 0.23584177000000001
 0.27401104199999998
 0.29182622499999999
 0.28922941000000002
 0.280775832
 0.24389607799999999
 0.21281613299999999
 0.18838533499999999
 0.17851038399999999
 0.168012523
 0.16777647700000001
 0.16570048700000001
 0.16150207499999999
 0.16328419199999999
 0.15173240299999999
 0.14204783200000001
 0.137435007
 0.128202767
 0.117808225
 0.11458607
 0.102769029
 0.092331306000000002
 0.087615201000000004
 0.077024055999999994
 0.065613563
 0.056905469
 0.049424780000000001
 0.036069364999999999
 0.025407510000000001
 0.0097855270000000005
 0
 0
 0
 0
 0
 0
 0
 0
 0
 0
 0
 0
 0.0067839789999999999
 0.022754281000000001
 0.042397637000000002
 0.042472376999999999
 0.066407542
 0.075537898000000006
 0.084651296000000001
 0.10542793
 0.121826607
 0.14003638900000001
 0.15074015499999999
 0.17103471000000001
 0.17374036400000001


