# Created by Octave 7.3.0, Sun Oct 22 02:13:14 2023 UTC <jovyan@224710f94f77>
# name: C
# type: scalar
5


# name: Cex
# type: matrix
# rows: 33
# columns: 1
 240
 245
 250
 255
 260
 265
 270
 275
 280
 285
 290
 295
 300
 305
 310
 315
 320
 325
 330
 335
 340
 345
 350
 355
 360
 365
 370
 375
 380
 385
 390
 395
 400


# name: Cem
# type: matrix
# rows: 56
# columns: 1
 280
 284
 288
 292
 296
 300
 304
 308
 312
 316
 320
 324
 328
 332
 336
 340
 344
 348
 352
 356
 360
 364
 368
 372
 376
 380
 384
 388
 392
 396
 400
 404
 408
 412
 416
 420
 424
 428
 432
 436
 440
 444
 448
 452
 456
 460
 464
 468
 472
 476
 480
 484
 488
 492
 496
 500


# name: Cex1
# type: matrix
# rows: 33
# columns: 1
 0.30033270000000001
 0.296081076
 0.298064938
 0.28609901399999998
 0.26829595299999998
 0.25798314
 0.22974312699999999
 0.21654050799999999
 0.19403010000000001
 0.18112254899999999
 0.164859066
 0.146121631
 0.141927838
 0.13294664
 0.123211001
 0.123210577
 0.117968749
 0.113308938
 0.115962657
 0.11699615200000001
 0.120635699
 0.12363986
 0.12440907399999999
 0.121869214
 0.120315032
 0.12245383899999999
 0.116407152
 0.112630648
 0.112282521
 0.109244438
 0.105923659
 0.10449219799999999
 0.098083642999999998


# name: Cem1
# type: matrix
# rows: 56
# columns: 1
 0.00028504099999999998
 0.0010558119999999999
 0.000445804
 0
 0
 0
 0
 0
 0.0010193730000000001
 0.00092336999999999996
 0.001827026
 0
 0
 0
 0
 0
 0
 0
 0
 0
 0
 0
 0
 0
 0
 0
 0
 0.00080306300000000002
 0.004716095
 0.013058113999999999
 0.016994425000000001
 0.025378939
 0.039520575000000002
 0.04975831
 0.061088054000000003
 0.075345493999999999
 0.088566861999999996
 0.106355138
 0.124798509
 0.14455506100000001
 0.160672336
 0.176014635
 0.19006636299999999
 0.20610720799999999
 0.220843238
 0.23212074299999999
 0.241215558
 0.24663897400000001
 0.258630358
 0.264313032
 0.26927861600000003
 0.26878701900000002
 0.27207186999999999
 0.26818499899999998
 0.27086779300000002
 0.26814265900000001


# name: Cex2
# type: matrix
# rows: 33
# columns: 1
 0.37933652499999998
 0.36082083999999998
 0.34380954400000002
 0.29690092499999998
 0.24512261199999999
 0.22115058800000001
 0.17818474000000001
 0.16844590300000001
 0.152842847
 0.15931182799999999
 0.165320678
 0.16893074999999999
 0.185902657
 0.189831784
 0.18410322500000001
 0.179721943
 0.16387417400000001
 0.14419234
 0.13304149500000001
 0.118377891
 0.1076908
 0.091762708999999998
 0.071946156999999997
 0.049243861999999999
 0.033348101999999998
 0.027890597
 0.013016711
 0.001730042
 0
 0
 0
 0
 0


# name: Cem2
# type: matrix
# rows: 56
# columns: 1
 0
 0
 0
 0
 0
 0
 0
 0
 0.00015776000000000001
 0.0019805500000000002
 0
 0
 0
 0
 0
 0
 0.006379493
 0.01351459
 0.024102833000000001
 0.032085320000000001
 0.046354083999999997
 0.061355993999999997
 0.073947547000000002
 0.093190614000000005
 0.109902158
 0.128387688
 0.14637951799999999
 0.16745987300000001
 0.183980802
 0.19704397500000001
 0.21128386299999999
 0.221708712
 0.228114343
 0.234733673
 0.240246879
 0.24110693399999999
 0.239049707
 0.23665215000000001
 0.22998807299999999
 0.22084009299999999
 0.21345239099999999
 0.20171008800000001
 0.19169191499999999
 0.178522653
 0.16581042300000001
 0.15154690400000001
 0.13673564099999999
 0.126533378
 0.112892723
 0.10068795899999999
 0.092807503
 0.084508448999999999
 0.073918721000000007
 0.068292555000000005
 0.060699138
 0.057540027000000001


# name: Cex3
# type: matrix
# rows: 33
# columns: 1
 0.099628636000000007
 0.064247158999999998
 0
 0.053064472000000001
 0.16293204999999999
 0.10436954599999999
 0.16785582299999999
 0.119007109
 0.13050278200000001
 0.095812718000000005
 0.082143533000000005
 0.103533861
 0.054037322999999998
 0.067357897
 0.11599968500000001
 0.12289257200000001
 0.17110731200000001
 0.238939927
 0.24267635900000001
 0.26417523100000001
 0.25809357500000002
 0.27010568000000001
 0.28177366300000001
 0.30487599900000001
 0.29277959399999998
 0.24030280300000001
 0.23449662600000001
 0.21465910099999999
 0.16749375699999999
 0.123167766
 0.082953873999999997
 0.043175827
 0.013819516


# name: Cem3
# type: matrix
# rows: 56
# columns: 1
 0
 0
 0.00055183000000000001
 0.00076013299999999997
 0
 0
 0
 0
 0
 0
 0
 0.0025847829999999998
 0.001601065
 0
 0
 0
 0
 0
 0
 0.0084249579999999998
 0.019403113999999999
 0.025203335
 0.035525965
 0.037781520999999998
 0.047047329999999998
 0.056230069000000001
 0.071052805999999996
 0.080839645000000002
 0.095340970999999997
 0.107261624
 0.123547686
 0.14167844299999999
 0.15439519099999999
 0.16598041699999999
 0.18249368099999999
 0.19837481100000001
 0.21369475600000001
 0.220747161
 0.22781897400000001
 0.23704325600000001
 0.243296288
 0.24811450800000001
 0.247344656
 0.24044479699999999
 0.22951985599999999
 0.21876538700000001
 0.210111408
 0.199025017
 0.181501098
 0.17091678499999999
 0.15917458500000001
 0.15609451299999999
 0.14108672
 0.13293549099999999
 0.114188399
 0.101397812


# name: Cex4
# type: matrix
# rows: 33
# columns: 1
 0.382309169
 0.28021346899999999
 0.224611539
 0.21488290199999999
 0.22725516700000001
 0.230199295
 0.26045815
 0.27178885200000003
 0.28838971800000002
 0.28969599299999998
 0.27085577700000002
 0.24281639699999999
 0.203067888
 0.17298297000000001
 0.145872948
 0.120897935
 0.10456565900000001
 0.088327389000000006
 0.069178193999999998
 0.044513048
 0.019446304000000001
 0
 0
 0
 0
 0
 0
 0
 0
 0
 0
 0
 0


# name: Cem4
# type: matrix
# rows: 56
# columns: 1
 0.011417069
 0.0087333210000000005
 0.010895722
 0.013245353
 0.033318359999999998
 0.047907162000000003
 0.050472105000000003
 0.071986388999999998
 0.092038117000000003
 0.107715931
 0.13453078700000001
 0.170317255
 0.20083668499999999
 0.233563613
 0.26298355299999998
 0.28371858599999999
 0.28293319099999997
 0.27451029799999999
 0.26736970500000001
 0.25606042200000001
 0.23744494099999999
 0.221952703
 0.211487227
 0.198695593
 0.18747117599999999
 0.174976137
 0.162999018
 0.14920610200000001
 0.13439705800000001
 0.12100849499999999
 0.111792663
 0.094264222999999994
 0.078064102999999996
 0.061073576999999997
 0.051221062999999997
 0.030923302
 0.028892439999999998
 0.010672081
 0.0030456540000000001
 0
 0
 0
 0
 0
 0
 0
 0.0029207119999999998
 0.0097022310000000004
 0.014437986
 0.022145192000000001
 0.020844056999999999
 0.034486490000000002
 0.049809339000000001
 0.050096898000000001
 0.046446239
 0.041384562


# name: Cex5
# type: matrix
# rows: 33
# columns: 1
 0.40046806600000001
 0.389359819
 0.38556238500000001
 0.365947195
 0.32260720199999998
 0.29568054300000002
 0.26905608600000003
 0.255608418
 0.217417951
 0.152991505
 0.074446571000000003
 0
 0
 0
 0
 0
 0
 0
 0
 0
 0
 0
 0
 0
 0
 0.00021087100000000001
 0.00013683099999999999
 7.1000000000000005e-05
 0
 0
 0
 0
 0


# name: Cem5
# type: matrix
# rows: 56
# columns: 1
 0.049628543999999997
 0.121051243
 0.198018479
 0.29347037300000001
 0.31928801499999998
 0.34201221399999998
 0.363591267
 0.33446261300000002
 0.28729557700000002
 0.25688049699999999
 0.22574602099999999
 0.20079665599999999
 0.17306007600000001
 0.15577603100000001
 0.13487416699999999
 0.11797848
 0.098137034999999997
 0.086283256000000003
 0.062458456000000002
 0.055970988999999999
 0.040456987
 0.022590197999999999
 0.020439957000000002
 0.0065022949999999999
 0
 0.0015462659999999999
 0
 0
 0
 0
 0
 0
 0.00024561599999999999
 0.011737071
 0.012106608
 0.027068983000000001
 0.036867296000000001
 0.047951559999999997
 0.051891149999999997
 0.049528313999999997
 0.065304611999999998
 0.063141948000000003
 0.072376362
 0.064192943000000002
 0.057136478999999997
 0.055469287999999999
 0.056501046999999999
 0.048259661000000002
 0.030236161000000001
 0.030306032
 0.021227492000000001
 0.0096103309999999997
 0
 0.0043005650000000001
 0.00430424
 0.0026442390000000001


