# Created by Octave 7.3.0, Sun Oct 01 16:10:58 2023 UTC <jovyan@224710f94f77>
# name: C
# type: scalar
3


# name: Cex
# type: matrix
# rows: 45
# columns: 1
 280
 285
 290
 295
 300
 305
 310
 315
 320
 325
 330
 335
 340
 345
 350
 355
 360
 365
 370
 375
 380
 385
 390
 395
 400
 405
 410
 415
 420
 425
 430
 435
 440
 445
 450
 455
 460
 465
 470
 475
 480
 485
 490
 495
 500


# name: Cem
# type: matrix
# rows: 35
# columns: 1
 300
 305
 310
 315
 320
 325
 330
 335
 340
 345
 350
 355
 360
 365
 370
 375
 380
 385
 390
 395
 400
 405
 410
 415
 420
 425
 430
 435
 440
 445
 450
 455
 460
 465
 470


# name: Cex1
# type: matrix
# rows: 45
# columns: 1
 0.24555839199999999
 0.25616342399999997
 0.26479754500000002
 0.28789419900000002
 0.31326311099999998
 0.31897806400000001
 0.31588952999999997
 0.29951300199999997
 0.27747853
 0.261750386
 0.239353808
 0.21166489899999999
 0.183983957
 0.14849990599999999
 0.117180191
 0.087637459000000001
 0.064430312000000003
 0.042846758999999998
 0.02585204
 0.011678994
 0
 0
 0
 0
 0
 0
 0
 0
 0
 0
 0
 0
 0
 0
 0
 0
 0
 0
 0
 3.6377199999999998e-14
 0
 0
 0
 0
 0


# name: Cem1
# type: matrix
# rows: 35
# columns: 1
 0
 0
 0
 0
 0
 0.0030852430000000001
 0.0099458189999999998
 0.018896139999999999
 0.031438093
 0.048339002999999998
 0.066989320000000005
 0.087310206000000001
 0.10964955699999999
 0.13151120899999999
 0.15175770099999999
 0.169731203
 0.18695098600000001
 0.203008722
 0.216776413
 0.227302226
 0.233488694
 0.237408111
 0.23838589700000001
 0.23737898700000001
 0.235622789
 0.23260471599999999
 0.230119821
 0.22656842799999999
 0.22260417299999999
 0.21747239099999999
 0.21162234599999999
 0.20504229900000001
 0.19699317299999999
 0.188685677
 0.17908254700000001


# name: Cex2
# type: matrix
# rows: 45
# columns: 1
 0.53970858499999996
 0.52791835600000003
 0.46413923699999998
 0.33164842300000003
 0.223047623
 0.15212225700000001
 0.1180026
 0.08712288
 0.081782886999999999
 0.04909314
 0.029742293999999999
 0.0045143630000000004
 0
 0
 0
 0
 0.0020735100000000002
 0.0039756130000000002
 0.007687719
 0.0085742630000000004
 0.0054455770000000001
 0.0024354210000000001
 0.00071912099999999997
 0
 0
 0
 0
 0
 6.7803400000000002e-05
 0.000268767
 0.00053060499999999997
 0.00075436100000000005
 0.00034458200000000002
 4.1416600000000003e-06
 0.00022666099999999999
 0.00061616000000000004
 0.00072348900000000001
 0.00035165800000000003
 0
 0
 0
 0
 0
 0
 0


# name: Cem2
# type: matrix
# rows: 35
# columns: 1
 0.18609959300000001
 0.21769377400000001
 0.245494931
 0.26963436800000001
 0.29042530700000002
 0.30413466300000003
 0.31078298199999999
 0.30981107499999999
 0.29422595899999998
 0.265298119
 0.239220298
 0.20686320499999999
 0.16815139700000001
 0.13883009800000001
 0.117885089
 0.10204239700000001
 0.088561111999999997
 0.079730578999999996
 0.079518768000000004
 0.070892014000000003
 0.070806748000000003
 0.065997723999999994
 0.063231829000000003
 0.061475990000000001
 0.059060613999999997
 0.058366535999999997
 0.058019102000000003
 0.059097463000000003
 0.062367211999999998
 0.062368578000000001
 0.063768472000000007
 0.066032305999999999
 0.065447664000000003
 0.068819507000000002
 0.071331360999999996


# name: Cex3
# type: matrix
# rows: 45
# columns: 1
 0.17185292399999999
 0.112093762
 0.074049141999999998
 0.036702243000000002
 0
 0
 0
 0.022677719999999998
 0.052118653000000001
 0.078173504000000005
 0.11350489499999999
 0.15319229100000001
 0.189896491
 0.231220857
 0.25993730100000001
 0.28478140099999999
 0.30296947299999999
 0.31577624900000001
 0.314968264
 0.29975919600000001
 0.27966460300000001
 0.24113326600000001
 0.20200474400000001
 0.173494483
 0.148196842
 0.12727491399999999
 0.107612283
 0.090736443
 0.075640753000000005
 0.063026636999999996
 0.054156059999999999
 0.045921426000000001
 0.039270081999999998
 0.034897337
 0.027373624999999999
 0.025561166999999999
 0.025761534999999999
 0.029195497000000001
 0.031115881000000001
 0
 0
 0
 0
 0
 0


# name: Cem3
# type: matrix
# rows: 35
# columns: 1
 0
 0
 0
 0
 0.00033416499999999998
 0.004704171
 0.010056113
 0.017054692
 0.016687863000000001
 0.010727343
 0.0018195419999999999
 0
 0
 0
 0.00066482100000000001
 0.012809878
 0.027233136000000002
 0.042522438000000003
 0.060290427000000001
 0.081418312000000007
 0.10392720799999999
 0.12723379700000001
 0.152073288
 0.17659325100000001
 0.20078976500000001
 0.223403241
 0.244364847
 0.264025018
 0.28290115700000001
 0.29786441600000002
 0.31081526399999998
 0.32009595899999999
 0.32405139900000002
 0.32698287799999998
 0.32482311699999999


