# Created by Octave 7.3.0, Sun Oct 01 16:00:05 2023 UTC <jovyan@224710f94f77>
# name: C
# type: scalar
3


# name: Cex
# type: matrix
# rows: 51
# columns: 1
 250
 255
 260
 265
 270
 275
 280
 285
 290
 295
 300
 305
 310
 315
 320
 325
 330
 335
 340
 345
 350
 355
 360
 365
 370
 375
 380
 385
 390
 395
 400
 405
 410
 415
 420
 425
 430
 435
 440
 445
 450
 455
 460
 465
 470
 475
 480
 485
 490
 495
 500


# name: Cem
# type: matrix
# rows: 43
# columns: 1
 300
 305
 310
 315
 320
 325
 330
 335
 340
 345
 350
 355
 360
 365
 370
 375
 380
 385
 390
 395
 400
 405
 410
 415
 420
 425
 430
 435
 440
 445
 450
 455
 460
 465
 470
 475
 480
 485
 490
 495
 500
 505
 510


# name: Cex1
# type: matrix
# rows: 51
# columns: 1
 0.31301904800000002
 0.33374253700000001
 0.32881860800000001
 0.30660143200000001
 0.281536656
 0.2491401
 0.21092886499999999
 0.17478690999999999
 0.14229804700000001
 0.11552415000000001
 0.10022075
 0.093899097000000001
 0.092439269000000004
 0.094751602000000004
 0.098850661000000006
 0.104038883
 0.110025214
 0.114439629
 0.11926841000000001
 0.123416162
 0.12757634500000001
 0.131387226
 0.13689205500000001
 0.14113482099999999
 0.14510176
 0.14394221800000001
 0.138897666
 0.13160601499999999
 0.121664412
 0.113587602
 0.105540173
 0.098380872999999994
 0.09143416
 0.083359286000000005
 0.074176812999999994
 0.061463454000000001
 0.047362889999999998
 0.029003589999999999
 0.011062374
 0
 0
 0
 0
 0
 0
 0
 0
 0
 0
 0
 0


# name: Cem1
# type: matrix
# rows: 43
# columns: 1
 0
 0
 0
 0
 0
 0
 0
 0
 0
 0
 0
 0
 0
 0.0060680810000000003
 0.015459140999999999
 0.025174339
 0.036823705999999998
 0.049131550000000003
 0.062533942999999995
 0.076894649999999995
 0.091933168999999995
 0.108101534
 0.124074885
 0.140497809
 0.159202388
 0.17663221100000001
 0.19089425300000001
 0.20392981199999999
 0.21755787900000001
 0.229244263
 0.23903665199999999
 0.24517028799999999
 0.246738966
 0.24712833000000001
 0.24399330899999999
 0.24264699100000001
 0.237928899
 0.23183242500000001
 0.22741687099999999
 0.22059082199999999
 0.21331744
 0.20669636599999999
 0.197979824


# name: Cex2
# type: matrix
# rows: 51
# columns: 1
 0.28316162099999997
 0.216683456
 0.14953277700000001
 0.123341275
 0.110644304
 0.115640222
 0.14046321000000001
 0.17298143999999999
 0.214477536
 0.25436988599999999
 0.27525551100000001
 0.281631729
 0.27745741499999999
 0.26636533800000001
 0.25404805699999999
 0.240453846
 0.22579348599999999
 0.20849554000000001
 0.19231664200000001
 0.17242107500000001
 0.149698522
 0.12989721800000001
 0.108094332
 0.087062102000000002
 0.057211471
 0.029398865
 0.0098337189999999994
 0
 0
 0
 0
 0
 0
 0
 0
 0
 0
 0
 0
 0
 0
 0
 0
 0
 0
 0
 0
 0
 0
 0
 0


# name: Cem2
# type: matrix
# rows: 43
# columns: 1
 0
 0
 0
 0
 0.001874009
 0.002334507
 0
 0
 0
 0.011201106000000001
 0.038370379000000003
 0.080685846000000006
 0.12549426899999999
 0.164366963
 0.189495362
 0.209841001
 0.22642327800000001
 0.240210491
 0.25321318799999998
 0.25732628600000002
 0.25834473000000002
 0.25395374199999998
 0.24714783400000001
 0.237746545
 0.226357694
 0.213840839
 0.20343937500000001
 0.19274501199999999
 0.18200497299999999
 0.16987085499999999
 0.15765828900000001
 0.145632652
 0.133791562
 0.123464271
 0.111888049
 0.103765212
 0.095593586999999994
 0.087634825
 0.081265981000000001
 0.075179090000000004
 0.068992853000000007
 0.062822531000000001
 0.057204826


# name: Cex3
# type: matrix
# rows: 51
# columns: 1
 0.223114273
 0.23803238800000001
 0.26867844499999999
 0.32583415900000001
 0.35074255100000001
 0.36783935499999998
 0.365233156
 0.33332616799999998
 0.285016879
 0.21487879700000001
 0.166871292
 0.143410332
 0.126980184
 0.105755773
 0.075231465999999997
 0.050761994999999997
 0.030511801000000002
 0.0089107769999999999
 0
 0.00026197299999999998
 0.00088916400000000001
 0.00087818
 0
 0
 0
 0
 0
 0
 0
 0
 0
 0
 0
 0
 0
 0
 0
 0
 0
 0
 0
 0
 0
 0
 0
 0
 0
 0
 0
 0
 0


# name: Cem3
# type: matrix
# rows: 43
# columns: 1
 0
 0
 0
 7.4502100000000006e-05
 0.13563151800000001
 0.229807707
 0.29586963599999999
 0.34591793799999998
 0.35718984799999998
 0.34693875299999999
 0.32894336899999999
 0.284783695
 0.24857727399999999
 0.21212357400000001
 0.180699368
 0.157551411
 0.13985774600000001
 0.12493637
 0.11568065399999999
 0.105463155
 0.098262244999999998
 0.089511289999999993
 0.082788388000000004
 0.076352459999999997
 0.066647478999999996
 0.059999374000000001
 0.055388578000000001
 0.050500651000000001
 0.046679723999999999
 0.041215361999999998
 0.038055906
 0.036745360999999997
 0.034270650999999999
 0.032269433
 0.031150638000000001
 0.029630371999999999
 0.028774705000000001
 0.028720230999999999
 0.028260318
 0.027418127
 0.02851207
 0.028350228000000002
 0.028822405999999998


