# Created by Octave 7.3.0, Mon Oct 02 01:38:07 2023 UTC <jovyan@224710f94f77>
# name: C
# type: scalar
7


# name: Cex
# type: matrix
# rows: 41
# columns: 1
 260
 265
 270
 275
 280
 285
 290
 295
 300
 305
 310
 315
 320
 325
 330
 335
 340
 345
 350
 355
 360
 365
 370
 375
 380
 385
 390
 395
 400
 405
 410
 415
 420
 425
 430
 435
 440
 445
 450
 455
 460


# name: Cem
# type: matrix
# rows: 41
# columns: 1
 300
 305
 310
 315
 320
 325
 330
 335
 340
 345
 350
 355
 360
 365
 370
 375
 380
 385
 390
 395
 400
 405
 410
 415
 420
 425
 430
 435
 440
 445
 450
 455
 460
 465
 470
 475
 480
 485
 490
 495
 500


# name: Cex1
# type: matrix
# rows: 41
# columns: 1
 0.30187209999999998
 0.292087347
 0.27869069000000002
 0.257435835
 0.23341097499999999
 0.20658855600000001
 0.184325818
 0.16709959599999999
 0.15438220599999999
 0.14726505300000001
 0.14376123099999999
 0.14274858900000001
 0.143042699
 0.14518320400000001
 0.14777029899999999
 0.150063538
 0.154400543
 0.15728484600000001
 0.15976675200000001
 0.16344551700000001
 0.17122675300000001
 0.17696139799999999
 0.17540940999999999
 0.16757033599999999
 0.15688666100000001
 0.14607351800000001
 0.13474747400000001
 0.124604467
 0.113441529
 0.098896527999999997
 0.084957251999999997
 0.072395263000000001
 0.058312782000000001
 0.051113426000000003
 0.045195078999999999
 0.039249789
 0.034240932000000002
 0.029108611
 0.024895752
 0.021806512
 0.018580453


# name: Cem1
# type: matrix
# rows: 41
# columns: 1
 0.0081521719999999992
 0.0082531489999999996
 0.0066679249999999999
 0.0055252019999999999
 0.0046956819999999996
 0.004373063
 0.0033181439999999999
 0.001457482
 0
 0
 0
 0
 0
 0
 0
 0
 0
 0
 0
 0
 0
 0.0097670489999999999
 0.029869012
 0.054905849999999999
 0.080345533999999996
 0.10565767199999999
 0.13173059100000001
 0.15845487799999999
 0.18410353199999999
 0.21024104099999999
 0.23491959600000001
 0.25528262400000001
 0.27093331199999998
 0.283583584
 0.28920643000000001
 0.29448271799999998
 0.29266801599999998
 0.290802216
 0.29024597000000002
 0.28529687500000001
 0.27777648300000002


# name: Cex2
# type: matrix
# rows: 41
# columns: 1
 0.25721484999999999
 0.229484194
 0.200949033
 0.163150561
 0.119920293
 0.071995365000000006
 0.030234389
 0
 0
 0.033775711
 0.095548668000000003
 0.16422964400000001
 0.224483671
 0.269157484
 0.29848843600000002
 0.30919821800000002
 0.30607454000000001
 0.29445382799999997
 0.27579689099999999
 0.25307608799999998
 0.22317173700000001
 0.183489496
 0.14761966200000001
 0.111784538
 0.079603598999999997
 0.055358694999999999
 0.032766050999999997
 0.013743771
 0
 0
 0
 0
 0
 0
 0
 0
 0
 0
 0
 0
 0


# name: Cem2
# type: matrix
# rows: 41
# columns: 1
 0
 0
 0
 0
 0.00040505199999999998
 0
 0
 0
 0
 0
 0
 0
 0.011743495
 0.035972415000000001
 0.064358768999999996
 0.093520253999999997
 0.122994401
 0.15538423600000001
 0.1940065
 0.228735034
 0.26992965899999999
 0.29374094699999997
 0.30088742000000002
 0.29998215499999997
 0.293257561
 0.28403743999999997
 0.27151160000000002
 0.25572130100000001
 0.236344216
 0.212153011
 0.18604926599999999
 0.16101175400000001
 0.134658107
 0.11136442000000001
 0.089809336000000003
 0.071955024000000006
 0.055711536999999998
 0.041390794000000002
 0.026675417999999999
 0.015648781
 0.0058383519999999998


# name: Cex3
# type: matrix
# rows: 41
# columns: 1
 0.29922342899999999
 0.32960787699999999
 0.36325269399999999
 0.40007060300000002
 0.41520606999999998
 0.38996400799999997
 0.32368472500000001
 0.22529823500000001
 0.13487348399999999
 0.084432840999999995
 0.056020028999999999
 0.03002109
 0.012408158000000001
 0
 0
 0
 0
 0.001928068
 0.0056569020000000001
 0.005959626
 0.004253349
 0.0044823399999999996
 0.0058783919999999996
 0.0062441119999999996
 0.0046024519999999999
 0.0031778140000000002
 0.0029640399999999998
 0.0024511609999999999
 0.002551111
 0.002119232
 0.0022627250000000002
 0.001914778
 0.0022722480000000001
 0.0021416199999999999
 0.0024259339999999998
 0.0024161759999999999
 0.0026169930000000002
 0.002514301
 0.0026271810000000001
 0.0024943779999999998
 0.0024604050000000001


# name: Cem3
# type: matrix
# rows: 41
# columns: 1
 0
 0.014619388000000001
 0.10754353899999999
 0.16573405199999999
 0.24975993699999999
 0.319368657
 0.33831987499999999
 0.34930687199999999
 0.33979879800000001
 0.31771183600000003
 0.291273114
 0.25795363399999999
 0.22762743099999999
 0.198985832
 0.17002084100000001
 0.148077075
 0.12604406200000001
 0.107671525
 0.090962656000000003
 0.074241098000000005
 0.059901647000000002
 0.047338001999999997
 0.035619603
 0.027523116
 0.020458514000000001
 0.014581146999999999
 0.0088020219999999996
 0.0049987119999999998
 0.0038673850000000001
 0.001643633
 0.00061308200000000004
 0
 0
 0
 0
 0
 0
 0
 0
 0
 0


# name: Cex4
# type: matrix
# rows: 41
# columns: 1
 0.49872436799999997
 0.42787125500000001
 0.35609787300000001
 0.30188692
 0.25383913800000002
 0.23676707399999999
 0.22109859400000001
 0.20810330499999999
 0.190255218
 0.16964069200000001
 0.14660079500000001
 0.123401989
 0.105993557
 0.090018018000000005
 0.077199880999999998
 0.064767092999999998
 0.055227165000000002
 0.043078633999999998
 0.031579390999999998
 0.020462068
 0.0065092020000000004
 0
 0
 0
 0
 0
 0
 0
 0
 0
 0
 0
 0
 0
 0.001205062
 0.0024903270000000001
 0.002995401
 0.0021565099999999999
 0.0012305770000000001
 4.0499600000000001e-05
 0


# name: Cem4
# type: matrix
# rows: 41
# columns: 1
 0.048223750000000003
 0.059002382999999999
 0.041939938000000003
 0.038468189999999999
 0.020009570000000001
 0.0018125630000000001
 0.0023985719999999999
 0.0081866170000000002
 0.018810813999999999
 0.034335386000000002
 0.051770310999999999
 0.070529669000000003
 0.086243310000000004
 0.100500335
 0.11575563899999999
 0.12999251000000001
 0.14633882500000001
 0.16223563399999999
 0.17828143499999999
 0.19419032
 0.20795780799999999
 0.21735929700000001
 0.22166804200000001
 0.22231414999999999
 0.222283594
 0.22164154699999999
 0.221333949
 0.218559585
 0.21577096900000001
 0.21040373900000001
 0.20335679600000001
 0.197794531
 0.190194056
 0.18475488800000001
 0.17776355099999999
 0.17440478300000001
 0.169745649
 0.16473718400000001
 0.159639795
 0.15528423599999999
 0.15067524400000001


# name: Cex5
# type: matrix
# rows: 41
# columns: 1
 0.10759363299999999
 0.099543380000000001
 0.11122973
 0.14991627199999999
 0.208340156
 0.273975366
 0.34087438399999997
 0.39465724499999999
 0.417300116
 0.39655266
 0.33221411200000001
 0.248308907
 0.17026092000000001
 0.110712664
 0.070289546999999994
 0.045697933000000003
 0.030781815000000001
 0.020147432
 0.012626511999999999
 0.0065573660000000002
 0.001477838
 0
 0
 0
 0
 0
 0
 0
 0
 0
 0
 0
 0
 0
 0
 0
 0
 0
 0
 0
 0


# name: Cem5
# type: matrix
# rows: 41
# columns: 1
 0
 0
 0
 0
 0
 0
 0.0035270990000000001
 0
 0
 0
 0
 0
 0
 0.012847035999999999
 0.035373145000000002
 0.065808318000000005
 0.101895597
 0.141949977
 0.186707126
 0.230210366
 0.27024512699999997
 0.29742086699999998
 0.30844059800000001
 0.30866534899999998
 0.301071162
 0.28856119899999999
 0.27386942199999997
 0.25493110600000002
 0.232108429
 0.20607764000000001
 0.18009533699999999
 0.155796989
 0.13264684800000001
 0.112762259
 0.095072437999999995
 0.080229423999999994
 0.066287449999999998
 0.054800703999999999
 0.043775481999999998
 0.034551943000000002
 0.026490439000000001


