# Created by Octave 7.3.0, Sun Oct 01 16:03:24 2023 UTC <jovyan@224710f94f77>
# name: C
# type: scalar
4


# name: Cex
# type: matrix
# rows: 51
# columns: 1
 250
 255
 260
 265
 270
 275
 280
 285
 290
 295
 300
 305
 310
 315
 320
 325
 330
 335
 340
 345
 350
 355
 360
 365
 370
 375
 380
 385
 390
 395
 400
 405
 410
 415
 420
 425
 430
 435
 440
 445
 450
 455
 460
 465
 470
 475
 480
 485
 490
 495
 500


# name: Cem
# type: matrix
# rows: 61
# columns: 1
 300
 305
 310
 315
 320
 325
 330
 335
 340
 345
 350
 355
 360
 365
 370
 375
 380
 385
 390
 395
 400
 405
 410
 415
 420
 425
 430
 435
 440
 445
 450
 455
 460
 465
 470
 475
 480
 485
 490
 495
 500
 505
 510
 515
 520
 525
 530
 535
 540
 545
 550
 555
 560
 565
 570
 575
 580
 585
 590
 595
 600


# name: Cex1
# type: matrix
# rows: 51
# columns: 1
 0.33681936099999998
 0.32642038800000001
 0.31351194599999999
 0.29717745699999998
 0.27042122899999999
 0.24026747800000001
 0.20871858400000001
 0.182089046
 0.161586121
 0.14812106799999999
 0.140511889
 0.1369841
 0.135440161
 0.133746903
 0.13425536499999999
 0.13500654300000001
 0.13682087600000001
 0.13711864600000001
 0.138700939
 0.138775757
 0.13872805399999999
 0.13921112199999999
 0.139350838
 0.134843358
 0.12629189499999999
 0.11520643
 0.104291731
 0.094603664000000004
 0.086879348999999995
 0.079718544000000002
 0.072906308000000003
 0.064145326000000003
 0.046411853000000003
 0
 0
 0
 0
 0
 0
 0
 0
 0
 0
 0
 0
 0
 0
 0
 0
 0
 0


# name: Cem1
# type: matrix
# rows: 61
# columns: 1
 0
 0
 0
 0.00099945200000000007
 0
 0
 0
 0
 0
 0
 0
 0
 0
 0.0033677099999999999
 0.010816928999999999
 0.019732759999999998
 0.034136628000000002
 0.047948659999999997
 0.065050263999999997
 0.085255400999999995
 0.10514338400000001
 0.12358292999999999
 0.14401256200000001
 0.163543251
 0.18110452299999999
 0.19733571799999999
 0.21193548600000001
 0.22481938400000001
 0.23594873499999999
 0.24282596100000001
 0.25041481799999998
 0.25374796300000002
 0.25277777000000001
 0.25200158299999997
 0.24676146600000001
 0.24446094900000001
 0.23827727700000001
 0.23174541600000001
 0.225614434
 0.21859567899999999
 0.21106577900000001
 0.19360276100000001
 0.18238448099999999
 0.026164743000000001
 0.024563451
 0.00029611500000000001
 0.00038575399999999998
 0
 0
 0
 0
 0
 0
 0
 0
 0
 0
 0
 0
 0
 0


# name: Cex2
# type: matrix
# rows: 51
# columns: 1
 0.35910556599999999
 0.31501716600000002
 0.26606272199999997
 0.231706624
 0.20578774999999999
 0.197023435
 0.20439117400000001
 0.21968907300000001
 0.23486220799999999
 0.24255679599999999
 0.243439036
 0.23827636999999999
 0.22687666200000001
 0.21466791700000001
 0.19757213100000001
 0.181280473
 0.162143753
 0.14234694000000001
 0.121332765
 0.097055711000000003
 0.067099982000000002
 0.03648473
 0.010535199
 0
 0
 0
 0
 0
 0
 0
 0
 0
 0
 0
 0
 0
 0
 0
 0
 0
 0
 0
 0
 0
 0
 0
 0
 0
 0
 0
 0


# name: Cem2
# type: matrix
# rows: 61
# columns: 1
 0
 0
 0
 0.005735347
 0.019984787
 0.042945697999999997
 0.065834733000000006
 0.090152999999999997
 0.11333760599999999
 0.13774101399999999
 0.16185609400000001
 0.185819181
 0.205651316
 0.22560628999999999
 0.239082879
 0.24964466199999999
 0.25471495900000002
 0.25912142599999999
 0.26071927900000003
 0.25341465400000002
 0.24469270800000001
 0.23485774100000001
 0.22072303200000001
 0.204331125
 0.18905360199999999
 0.172793052
 0.15907527399999999
 0.145290751
 0.13485371500000001
 0.12441273799999999
 0.111379295
 0.10219132
 0.092502770999999998
 0.083437840999999999
 0.076206111000000007
 0.069417204999999996
 0.063525743999999995
 0.059909526999999997
 0.055794170999999997
 0.051822391000000002
 0.047228273000000001
 0.035405343999999998
 0.032165855
 0
 0
 0
 0
 0
 0
 0.00051039
 0.00081536599999999999
 0
 0
 0
 0
 0
 0
 0
 0
 0
 0


# name: Cex3
# type: matrix
# rows: 51
# columns: 1
 0.200404366
 0.23016373000000001
 0.26615905400000001
 0.33188428199999997
 0.38422507500000003
 0.41584279499999999
 0.40020065399999999
 0.339676696
 0.25534173700000001
 0.18388416199999999
 0.128223222
 0.092923237000000006
 0.073115448999999999
 0.018584650000000001
 0
 0
 0
 0
 0
 0
 0
 0
 0
 0
 0
 0
 0
 0
 0
 0
 0
 0
 0
 0
 0
 0
 0
 0
 0
 0
 0
 0
 0
 0
 0
 0
 0
 0
 0
 0
 0


# name: Cem3
# type: matrix
# rows: 61
# columns: 1
 0.29659658799999999
 0.32874329899999999
 0.34625599899999998
 0.338530942
 0.332891357
 0.320699016
 0.28547886300000003
 0.26534511900000002
 0.23828327499999999
 0.208454572
 0.183635519
 0.152169886
 0.12837268600000001
 0.10406945400000001
 0.085061903999999994
 0.069148071000000005
 0.055656263999999997
 0.043843804
 0.032999778
 0.024102894
 0.01504575
 0.0082000849999999993
 0.003161826
 0
 0
 0
 0
 0
 0
 0
 0
 0.000671596
 0.0027380009999999999
 0.0041987730000000003
 0.0048525390000000003
 0.00608473
 0.007080439
 0.0076229720000000004
 0.0079623950000000006
 0.0094788389999999993
 0.010639154
 0.010989237000000001
 0.011741631000000001
 0.030962093999999999
 0.028544746999999999
 0.017960018000000001
 0.016419930999999999
 0.0086922609999999997
 0.008650329
 0.0032871430000000002
 0.0028312519999999998
 0
 0
 0
 0
 0
 0
 0
 0
 0
 0


# name: Cex4
# type: matrix
# rows: 51
# columns: 1
 0.147487702
 0.10126842899999999
 0.089745389999999994
 0.096257789999999996
 0.122972004
 0.16840445800000001
 0.21571495299999999
 0.25954730999999998
 0.30043009799999998
 0.34494371299999999
 0.38180668299999998
 0.38604861699999998
 0.34935843999999999
 0.28208544299999999
 0.205461491
 0.13789870300000001
 0.088971395999999994
 0.059074842000000002
 0.043032559999999997
 0.034245970000000001
 0.031026472999999999
 0.029294510999999999
 0.031661508999999997
 0.032456249999999999
 0.037298909999999998
 0.038560873000000002
 0.043943018
 0.042121330999999998
 0.035669057999999997
 0.014881326
 0
 0
 0
 0
 0
 0
 0
 0
 0
 0
 0
 0
 0
 0
 0
 0
 0
 0
 0
 0
 0


# name: Cem4
# type: matrix
# rows: 61
# columns: 1
 0
 0.014271054
 0.032259668999999998
 0.043294735000000001
 0.022464018999999998
 0
 0
 0
 0
 0
 0.0027533750000000002
 0.011072063
 0.018264161000000001
 0.031449469000000001
 0.049297186
 0.072159424
 0.10229903
 0.13801544800000001
 0.180367469
 0.22091224600000001
 0.25753489099999999
 0.28453067700000001
 0.30016347399999999
 0.30544334099999998
 0.300522548
 0.288397448
 0.27375544200000002
 0.25548865599999998
 0.23600912299999999
 0.21385890799999999
 0.190683725
 0.16658947399999999
 0.142716333
 0.121602351
 0.101624096
 0.085862139000000004
 0.071445954000000006
 0.059314530999999997
 0.049577296
 0.039645156000000001
 0.031686047000000002
 0.094464338999999994
 0.093131654999999994
 0.33935782799999997
 0.31748449299999998
 0.325394134
 0.30409647200000001
 0.28225534600000002
 0.26597428499999998
 0.24693278299999999
 0.231071413
 0.20587791599999999
 0.190543356
 0.159976222
 0.14720023500000001
 0.12133888499999999
 0.11199782599999999
 0.092098167999999994
 0.085335932000000003
 0.071106515999999995
 0.065575776000000002


