# Created by Octave 7.3.0, Mon Oct 16 03:48:32 2023 UTC <jovyan@224710f94f77>
# name: C
# type: scalar
5


# name: Cex
# type: matrix
# rows: 33
# columns: 1
 240
 245
 250
 255
 260
 265
 270
 275
 280
 285
 290
 295
 300
 305
 310
 315
 320
 325
 330
 335
 340
 345
 350
 355
 360
 365
 370
 375
 380
 385
 390
 395
 400


# name: Cem
# type: matrix
# rows: 37
# columns: 1
 280
 286
 292
 298
 304
 310
 316
 322
 328
 334
 340
 346
 352
 358
 364
 370
 376
 382
 388
 394
 400
 406
 412
 418
 424
 430
 436
 442
 448
 454
 460
 466
 472
 478
 484
 490
 496


# name: Cex1
# type: matrix
# rows: 33
# columns: 1
 0.28933654199999997
 0.27730334600000001
 0.26879196599999999
 0.26432401
 0.27272627399999999
 0.249152236
 0.23395964799999999
 0.21252902900000001
 0.189586739
 0.173793384
 0.159167057
 0.149011912
 0.13889997800000001
 0.131302738
 0.130332899
 0.13181479199999999
 0.134447125
 0.13666477399999999
 0.136286926
 0.14012903800000001
 0.14100163700000001
 0.146438662
 0.14644648699999999
 0.14471294400000001
 0.13962185499999999
 0.138811341
 0.13090727899999999
 0.121660332
 0.11550880299999999
 0.105866864
 0.095564543000000002
 0.087004477999999996
 0.075474549000000002


# name: Cem1
# type: matrix
# rows: 37
# columns: 1
 0
 3.8300000000000003e-05
 0
 0.00043068000000000002
 0
 0
 0
 0
 4.6400000000000003e-05
 0
 0
 0
 0
 0
 0
 0
 0.0061964530000000002
 0.012604323000000001
 0.031179043
 0.041178605
 0.062696573000000005
 0.086497102000000006
 0.111661494
 0.139319358
 0.169326322
 0.20065460199999999
 0.22899757600000001
 0.248092754
 0.27106209999999997
 0.28664862899999999
 0.29876201600000002
 0.303238972
 0.306548561
 0.303434596
 0.29654551400000001
 0.28933204499999998
 0.276349079


# name: Cex2
# type: matrix
# rows: 33
# columns: 1
 0.33571136600000001
 0.32197344
 0.29206158900000001
 0.258263719
 0.22168990899999999
 0.170399778
 0.13247255399999999
 0.11158455
 0.109217641
 0.11204009700000001
 0.123554186
 0.144932957
 0.15748197899999999
 0.177930855
 0.194159683
 0.206473884
 0.210040432
 0.21223945999999999
 0.21005053000000001
 0.203624582
 0.19357395599999999
 0.179386357
 0.16511773499999999
 0.14935873499999999
 0.12577245500000001
 0.096390023000000005
 0.067315961999999993
 0.042511188999999998
 0.021073359999999999
 0.0066863629999999999
 0
 0
 0


# name: Cem2
# type: matrix
# rows: 37
# columns: 1
 0
 0
 0
 0
 0
 0.0022102900000000002
 0.00026621400000000002
 0
 0
 0
 0
 0
 0
 0
 0
 0.034756054000000002
 0.082760017000000005
 0.13134722700000001
 0.16302165099999999
 0.22065857699999999
 0.25514654199999998
 0.29115305800000002
 0.30115701099999997
 0.31489903000000002
 0.32484848700000002
 0.31060856999999997
 0.30278477199999998
 0.29494513700000002
 0.25783268999999998
 0.21684493099999999
 0.169327002
 0.13661197
 0.099543243000000003
 0.070716909999999994
 0.047915445000000001
 0.027245595000000001
 0.015341587


# name: Cex3
# type: matrix
# rows: 33
# columns: 1
 0.32334527499999999
 0.29046536299999998
 0.26141484300000001
 0.212901069
 0.198536509
 0.172619098
 0.18042595
 0.179477154
 0.18806397
 0.20669125299999999
 0.225464842
 0.24098276599999999
 0.242546287
 0.23934819800000001
 0.23565738999999999
 0.22829609100000001
 0.210671472
 0.18930255400000001
 0.165108164
 0.13926493500000001
 0.113530914
 0.087397100000000005
 0.061560168999999998
 0.034694052000000003
 0.015711528999999998
 0.0051186080000000002
 0
 0
 0
 0
 0
 0
 0


# name: Cem3
# type: matrix
# rows: 37
# columns: 1
 0
 0
 0
 0
 0
 0
 0
 0
 0.0091229710000000006
 0.0385
 0.077085464000000006
 0.129258399
 0.18294253199999999
 0.24117933
 0.316049158
 0.342257217
 0.33770096399999999
 0.33739319400000001
 0.33307855200000003
 0.30575311300000002
 0.28030530599999998
 0.24083135
 0.21633253599999999
 0.166595985
 0.11640473699999999
 0.086570435000000001
 0.049648943000000001
 0.013579818
 0
 0
 0
 0
 0
 0
 0
 0.000412011
 0


# name: Cex4
# type: matrix
# rows: 33
# columns: 1
 0.44798966699999998
 0.42959005300000003
 0.42376635299999998
 0.35741445799999999
 0.25718432600000002
 0.26134766500000001
 0.18082308899999999
 0.17496774900000001
 0.13873471200000001
 0.129434998
 0.11806893
 0.092342154999999995
 0.113693165
 0.106844882
 0.093888291999999998
 0.083277775999999998
 0.064853406000000002
 0.050066055999999998
 0.041053352000000001
 0.033239518000000003
 0.030892550000000001
 0.021188292000000001
 0.014513618000000001
 0
 0
 0.00073535099999999997
 0
 0
 0
 0
 0
 0
 0


# name: Cem4
# type: matrix
# rows: 37
# columns: 1
 0.0061970910000000001
 0.0043919179999999999
 0.014887868
 0.013876249
 0.025261932000000001
 0.033082392000000002
 0.036597487999999997
 0.032468009999999999
 0.022130403999999999
 0.031208844999999999
 0.037721431999999999
 0.040330757000000002
 0.049753181
 0.083497588999999997
 0.113887778
 0.13196435100000001
 0.150262118
 0.16907884000000001
 0.18286169999999999
 0.19709854099999999
 0.20432591999999999
 0.211658822
 0.224725806
 0.23057530700000001
 0.23211720599999999
 0.24061231399999999
 0.22567874800000001
 0.23024412
 0.22402129100000001
 0.22673902200000001
 0.23348006499999999
 0.22342969700000001
 0.22446661500000001
 0.223721422
 0.20964208600000001
 0.19543771500000001
 0.18182580600000001


# name: Cex5
# type: matrix
# rows: 33
# columns: 1
 0.37599975699999999
 0.31283348999999999
 0.28869255700000002
 0.27630631500000002
 0.27150506499999999
 0.26858942800000002
 0.28061780200000003
 0.28211734700000002
 0.28858605700000001
 0.27414977099999999
 0.23537402900000001
 0.19380561299999999
 0.15320213299999999
 0.12272743
 0.077503055000000001
 0.029648805
 0.0076641239999999996
 0
 0
 0
 0
 0
 0
 0
 0
 0
 0
 0
 0
 0
 0
 0
 0


# name: Cem5
# type: matrix
# rows: 37
# columns: 1
 0.014095734
 0.117456744
 0.19046234500000001
 0.24377405499999999
 0.260501131
 0.24505216699999999
 0.25317801499999998
 0.29039693700000002
 0.332778607
 0.31849188299999998
 0.307990335
 0.27266011400000001
 0.24509045199999999
 0.19421226
 0.13192214299999999
 0.11951168099999999
 0.113374109
 0.106786435
 0.089484033000000004
 0.095778497000000004
 0.086301217999999999
 0.089145553000000002
 0.069228184999999998
 0.081156898000000005
 0.082742764999999996
 0.066762297999999998
 0.08004211
 0.088054111000000004
 0.079665411000000005
 0.049329972
 0.019048874
 0.015632738
 0
 0
 0.0040911910000000001
 0.0027680320000000001
 0.0045703039999999999


