# Created by Octave 7.3.0, Sun Oct 01 16:17:16 2023 UTC <jovyan@224710f94f77>
# name: C
# type: scalar
5


# name: Cex
# type: matrix
# rows: 41
# columns: 1
 280
 285
 290
 295
 300
 305
 310
 315
 320
 325
 330
 335
 340
 345
 350
 355
 360
 365
 370
 375
 380
 385
 390
 395
 400
 405
 410
 415
 420
 425
 430
 435
 440
 445
 450
 455
 460
 465
 470
 475
 480


# name: Cem
# type: matrix
# rows: 32
# columns: 1
 305
 310
 315
 320
 325
 330
 335
 340
 345
 350
 355
 360
 365
 370
 375
 380
 385
 390
 395
 400
 405
 410
 415
 420
 425
 430
 435
 440
 445
 450
 455
 460


# name: Cex1
# type: matrix
# rows: 41
# columns: 1
 0.26369472300000002
 0.30598107800000002
 0.34995802100000001
 0.37684566899999999
 0.38247375500000003
 0.39040597399999999
 0.334843536
 0.27049894400000002
 0.21666633099999999
 0.14140981
 0.10874890299999999
 0.080886177000000004
 0.054416785000000002
 0.0096649130000000007
 0
 0
 0
 0
 0
 0
 0
 0
 0
 0
 0
 0
 0
 0
 0
 0
 0
 0
 0
 0
 0
 0
 0
 0
 0
 0
 0


# name: Cem1
# type: matrix
# rows: 32
# columns: 1
 0.0027022589999999998
 0.010261175000000001
 0.018341322
 0.027583297999999999
 0.038514956000000003
 0.051983291000000001
 0.067549624000000003
 0.088476328000000007
 0.11439463699999999
 0.141656697
 0.16874846199999999
 0.19220404799999999
 0.21283891699999999
 0.23008645
 0.24537287499999999
 0.25889747600000002
 0.26949220600000001
 0.27469767699999997
 0.27115371900000002
 0.26512439300000001
 0.25450788899999999
 0.24043751399999999
 0.224858052
 0.207900475
 0.19022277900000001
 0.173520653
 0.15591611699999999
 0.14024141800000001
 0.12260934499999999
 0.10539909
 0.089219195000000001
 0.074325686000000002


# name: Cex2
# type: matrix
# rows: 41
# columns: 1
 0.33152373800000001
 0.30154126999999997
 0.28142604599999999
 0.26314964099999999
 0.25123679599999998
 0.24293858900000001
 0.21984150899999999
 0.19925255
 0.185343533
 0.167650893
 0.16534120099999999
 0.16381657499999999
 0.164546472
 0.16677171099999999
 0.16562548999999999
 0.169190374
 0.174752033
 0.18248708599999999
 0.17597884799999999
 0.16398778
 0.14776868200000001
 0.13179948699999999
 0.120321197
 0.097550895999999998
 0.083292161000000003
 0.073913855000000001
 0.062739732000000006
 0.055348702
 0.047853081999999998
 0.041146359
 0.036173399000000002
 0.031194412000000001
 0.026849029
 0.025629645999999999
 0.021984091000000001
 0.019296435000000001
 0.012978864
 0
 0
 0
 0


# name: Cem2
# type: matrix
# rows: 32
# columns: 1
 0
 0
 0
 0
 0
 0
 0
 0
 0
 0
 0
 0
 0
 0
 0
 0
 0.001072197
 0.016913808999999998
 0.036869669000000001
 0.057983086000000003
 0.084855677000000004
 0.115380287
 0.149829776
 0.18303878700000001
 0.217272467
 0.252634415
 0.28814475899999997
 0.32145789000000002
 0.35313657900000001
 0.38347502300000003
 0.40963166099999998
 0.426116677


# name: Cex3
# type: matrix
# rows: 41
# columns: 1
 0.59163610200000005
 0.53097894300000004
 0.44529408799999998
 0.32765338500000002
 0.22421603300000001
 0.027007234000000001
 0.0045880399999999998
 0.010837664
 0.010846796000000001
 0.013531120000000001
 0.016953128000000001
 0.024171432999999999
 0.036586960000000002
 0.050805612
 0.059253662999999998
 0.044299457
 0.026040915000000001
 0
 0
 0
 0
 0
 0
 0
 0
 0
 0
 0
 0
 0
 0
 0
 0
 0
 0
 0
 0
 0
 0
 0
 0


# name: Cem3
# type: matrix
# rows: 32
# columns: 1
 0.25461025599999998
 0.27874093700000002
 0.29701765299999999
 0.30901647500000001
 0.31439886700000003
 0.31046594599999999
 0.304140197
 0.28538321100000003
 0.25822561700000002
 0.23396521100000001
 0.19996201499999999
 0.172468434
 0.14769279299999999
 0.12846176200000001
 0.114024293
 0.100337696
 0.092880078000000005
 0.084265462999999999
 0.075450972000000005
 0.071378330000000004
 0.064512772999999995
 0.060586402999999997
 0.054016933000000003
 0.050987277999999997
 0.047315088999999998
 0.044124038999999997
 0.040986692999999998
 0.039613925000000001
 0.036384580999999999
 0.035262412
 0.033655875000000002
 0.032414036


# name: Cex4
# type: matrix
# rows: 41
# columns: 1
 0.14866226299999999
 0.075557047000000002
 0.016050195
 0
 0.0028416790000000002
 0.013110633999999999
 0.10322081
 0.18659928000000001
 0.247721257
 0.342780158
 0.35950612199999998
 0.35903562100000003
 0.353096927
 0.34795626699999999
 0.30936089900000002
 0.25654612999999998
 0.20651829399999999
 0.14166183099999999
 0.107767946
 0.075680469
 0.037691774999999997
 0.021872455999999998
 0.0058714800000000001
 0
 0
 0
 0
 0
 0
 0
 0
 0
 0
 0
 0
 0
 0
 0
 0
 0
 0


# name: Cem4
# type: matrix
# rows: 32
# columns: 1
 0
 0
 0
 0
 1.6976000000000001e-05
 0
 0
 0
 0
 0.000110841
 0.010308799
 0.027754059000000001
 0.050623122999999999
 0.080622227000000005
 0.11211237
 0.14675120699999999
 0.18317535700000001
 0.21011170700000001
 0.235035093
 0.25618587700000001
 0.27164959300000002
 0.28163353600000002
 0.28457979500000002
 0.284329571
 0.27957252999999999
 0.27106228799999998
 0.25958153
 0.24750797999999999
 0.230574217
 0.210933654
 0.19052007500000001
 0.16795600899999999


# name: Cex5
# type: matrix
# rows: 41
# columns: 1
 0.27122658399999999
 0.28888386799999999
 0.29647338499999998
 0.30829626500000001
 0.30202878900000002
 0.33040804499999998
 0.301301549
 0.27358753400000002
 0.249788441
 0.22892103699999999
 0.197038413
 0.16442795700000001
 0.14268757200000001
 0.13445259200000001
 0.115622963
 0.101623093
 0.094991161000000005
 0.101678511
 0.089828171999999998
 0.079908956000000003
 0.078051496999999997
 0.064600715000000003
 0.052925065
 0.044784836000000001
 0.032295428000000001
 0.024261543999999999
 0.017912438999999999
 0.013361402
 0.010186611999999999
 0.007417908
 0.0054931950000000002
 0.0032051599999999999
 0.0017591530000000001
 0.00091699800000000003
 0.000126616
 0
 0
 0
 0
 0
 0


# name: Cem5
# type: matrix
# rows: 32
# columns: 1
 0.084208844000000005
 0.104110168
 0.122932732
 0.14069056199999999
 0.157780379
 0.17259998900000001
 0.18585152199999999
 0.197172088
 0.20655082299999999
 0.21662483299999999
 0.224594351
 0.23166673099999999
 0.237259621
 0.24059001899999999
 0.24383290199999999
 0.247807836
 0.25039176899999999
 0.245733429
 0.23522984499999999
 0.222743736
 0.205107397
 0.185041118
 0.16313493600000001
 0.14379877899999999
 0.122267418
 0.10176560699999999
 0.081425280000000003
 0.063203488000000002
 0.044501506000000003
 0.026681634999999999
 0.0082645930000000006
 0


