# Created by Octave 7.3.0, Sun Oct 01 15:52:14 2023 UTC <jovyan@224710f94f77>
# name: C
# type: scalar
4


# name: Cex
# type: matrix
# rows: 51
# columns: 1
 250
 255
 260
 265
 270
 275
 280
 285
 290
 295
 300
 305
 310
 315
 320
 325
 330
 335
 340
 345
 350
 355
 360
 365
 370
 375
 380
 385
 390
 395
 400
 405
 410
 415
 420
 425
 430
 435
 440
 445
 450
 455
 460
 465
 470
 475
 480
 485
 490
 495
 500


# name: Cem
# type: matrix
# rows: 43
# columns: 1
 300
 305
 310
 315
 320
 325
 330
 335
 340
 345
 350
 355
 360
 365
 370
 375
 380
 385
 390
 395
 400
 405
 410
 415
 420
 425
 430
 435
 440
 445
 450
 455
 460
 465
 470
 475
 480
 485
 490
 495
 500
 505
 510


# name: Cex1
# type: matrix
# rows: 51
# columns: 1
 0.32222324299999999
 0.31470466200000002
 0.30782996899999998
 0.29166667000000002
 0.269857132
 0.24236770699999999
 0.211758276
 0.183834307
 0.16000366199999999
 0.13977086799999999
 0.12630803199999999
 0.118946706
 0.114170138
 0.112445322
 0.11318033
 0.115399298
 0.118776216
 0.120512484
 0.123002796
 0.124198815
 0.12501410199999999
 0.12635206900000001
 0.13011260699999999
 0.13372543100000001
 0.13606204599999999
 0.13480553100000001
 0.132640009
 0.12847130800000001
 0.120464687
 0.111712351
 0.10345907
 0.096549222000000004
 0.090694193000000006
 0.085314925999999999
 0.080245435000000004
 0.073752106999999997
 0.067944408999999997
 0.056584004
 0.038280251000000001
 0
 0
 0
 0
 0
 0
 0
 0
 0
 0
 0
 0


# name: Cem1
# type: matrix
# rows: 43
# columns: 1
 0
 0
 0
 0
 0
 0
 0
 0
 0
 0
 0
 0
 0
 0
 0.001362975
 0.0024558010000000001
 0.0027953639999999998
 0
 0
 0
 0
 0
 0.003164095
 0.020463417000000001
 0.04620751
 0.077332700000000004
 0.10511314200000001
 0.131230872
 0.160649873
 0.190167106
 0.219129092
 0.24489333099999999
 0.26095633400000001
 0.27155763900000002
 0.27666669300000002
 0.28172022099999999
 0.28035174699999998
 0.27824290699999998
 0.27420428299999999
 0.26811533100000001
 0.26067824000000001
 0.25345035799999999
 0.24530544200000001


# name: Cex2
# type: matrix
# rows: 51
# columns: 1
 0.35765143500000002
 0.42527204299999999
 0.37889399899999998
 0.32642695999999999
 0.28024769700000002
 0.20495950900000001
 0.127854195
 0.062182337999999997
 0.0085746039999999996
 0
 0
 0
 0.035777115999999998
 0.084689640999999996
 0.12641607399999999
 0.156115015
 0.173808357
 0.18031274
 0.178445143
 0.172714387
 0.164169232
 0.15148943400000001
 0.14671172199999999
 0.14627816699999999
 0.13435150500000001
 0.10915587
 0.061577082999999998
 0.022369217
 0
 0
 0
 0
 0
 0
 0
 0
 0
 0
 0
 0
 0
 0
 0
 0
 0
 0
 0
 0
 0
 0
 0


# name: Cem2
# type: matrix
# rows: 43
# columns: 1
 0
 0
 0
 0
 0
 0
 0
 0
 0
 0
 0.0028739999999999998
 0.029299105999999998
 0.057938534999999999
 0.089488889000000002
 0.11687444600000001
 0.14270001399999999
 0.168373513
 0.19840517199999999
 0.226001696
 0.248492193
 0.26811965100000001
 0.28495408799999999
 0.29568109300000001
 0.29211911400000001
 0.28172423699999999
 0.26399123800000002
 0.248232643
 0.23254888200000001
 0.21363221299999999
 0.191790399
 0.16778243000000001
 0.14255264000000001
 0.1212761
 0.103890413
 0.087353563999999995
 0.074884558000000004
 0.064656109000000003
 0.054162325999999997
 0.048327536999999997
 0.038965456000000002
 0.032632094
 0.024641962999999999
 0.018049862999999999


# name: Cex3
# type: matrix
# rows: 51
# columns: 1
 0.156095383
 0.029453725
 0
 0
 0.0084776769999999994
 0.070977324999999994
 0.15629526699999999
 0.23902715099999999
 0.31991951400000002
 0.357037879
 0.37279364700000001
 0.37931305999999998
 0.34072274000000002
 0.28268266600000003
 0.229897615
 0.188083315
 0.157480855
 0.13267050699999999
 0.118541883
 0.106044703
 0.094180218999999996
 0.088064949000000003
 0.069268223000000004
 0.041779072
 0.017584875999999999
 0.00019000700000000001
 0
 0
 0.003028284
 0.00063218499999999995
 5.7319499999999999e-05
 0
 0
 0
 0
 0
 0
 0
 0
 0
 0
 0
 0
 0
 0
 0
 0
 0
 0
 0
 0


# name: Cem3
# type: matrix
# rows: 43
# columns: 1
 0
 0
 0
 0
 0
 0
 0
 0.0051090240000000002
 0.020398736000000001
 0.068552264000000002
 0.11011650100000001
 0.115660134
 0.13095400700000001
 0.155052567
 0.17510904399999999
 0.19436619799999999
 0.21441369499999999
 0.23328795699999999
 0.25051695600000001
 0.26002056600000001
 0.26650549099999998
 0.26788184500000001
 0.26564759599999999
 0.25614777
 0.24258819700000001
 0.226171923
 0.21136028700000001
 0.19675679800000001
 0.181600189
 0.16394787399999999
 0.146206013
 0.12885877800000001
 0.113278397
 0.10075814600000001
 0.088374702999999999
 0.079591611000000007
 0.071624647999999999
 0.064412900999999995
 0.058648237999999998
 0.053781409000000002
 0.049060833999999998
 0.044926852000000003
 0.039981582000000002


# name: Cex4
# type: matrix
# rows: 51
# columns: 1
 0.28477779199999997
 0.29802759899999998
 0.31012222900000003
 0.34284074199999998
 0.35347326800000001
 0.34790200900000001
 0.32340739899999998
 0.28910307299999999
 0.248554635
 0.20392850100000001
 0.171802494
 0.14779524799999999
 0.123203455
 0.090406990000000007
 0.056939424000000002
 0.02891523
 0.0075512210000000003
 0
 0
 0
 0
 0
 0
 0
 0
 0
 0
 0
 0
 0
 0
 0
 0
 0
 0
 0
 0
 0
 0
 0
 0
 0
 0
 0
 0
 0
 0
 0
 0
 0
 0


# name: Cem4
# type: matrix
# rows: 43
# columns: 1
 0
 0
 0
 0
 0.189079949
 0.24241295700000001
 0.27323264800000002
 0.30402096499999998
 0.313472107
 0.31257645299999998
 0.308028519
 0.27277667300000003
 0.242266918
 0.21150321599999999
 0.18628877799999999
 0.166991468
 0.151846443
 0.14014445
 0.132544039
 0.12580277500000001
 0.12304292999999999
 0.12068285400000001
 0.120343927
 0.116391886
 0.108196943
 0.099323602999999996
 0.092720907000000005
 0.085271762000000001
 0.078259365999999997
 0.068539919000000005
 0.060897369
 0.055016276000000003
 0.049548213000000001
 0.046135088999999997
 0.043403835000000002
 0.041119819000000002
 0.040188135
 0.038698380999999997
 0.038359070000000002
 0.037100811999999997
 0.038566557000000001
 0.036860494000000001
 0.036573647000000001


