# Created by Octave 7.3.0, Sun Oct 01 16:07:06 2023 UTC <jovyan@224710f94f77>
# name: C
# type: scalar
3


# name: Cex
# type: matrix
# rows: 51
# columns: 1
 250
 255
 260
 265
 270
 275
 280
 285
 290
 295
 300
 305
 310
 315
 320
 325
 330
 335
 340
 345
 350
 355
 360
 365
 370
 375
 380
 385
 390
 395
 400
 405
 410
 415
 420
 425
 430
 435
 440
 445
 450
 455
 460
 465
 470
 475
 480
 485
 490
 495
 500


# name: Cem
# type: matrix
# rows: 61
# columns: 1
 300
 305
 310
 315
 320
 325
 330
 335
 340
 345
 350
 355
 360
 365
 370
 375
 380
 385
 390
 395
 400
 405
 410
 415
 420
 425
 430
 435
 440
 445
 450
 455
 460
 465
 470
 475
 480
 485
 490
 495
 500
 505
 510
 515
 520
 525
 530
 535
 540
 545
 550
 555
 560
 565
 570
 575
 580
 585
 590
 595
 600


# name: Cex1
# type: matrix
# rows: 51
# columns: 1
 0.31006816999999998
 0.31251195300000001
 0.310164632
 0.30159229300000001
 0.28226895299999999
 0.25578841600000002
 0.22651458999999999
 0.201234311
 0.17917297200000001
 0.16131901700000001
 0.148466287
 0.13881306299999999
 0.131477186
 0.125769623
 0.123339305
 0.122532065
 0.122444
 0.122039614
 0.122321396
 0.12143967999999999
 0.119923661
 0.118791497
 0.11893712300000001
 0.118811291
 0.117492491
 0.113510299
 0.108133677
 0.10263986
 0.095765175999999994
 0.088714125000000005
 0.080802081999999997
 0.073682366999999999
 0.067605709
 0.062530568999999994
 0.058025672
 0.053459984000000002
 0.049004262
 0.044673802999999998
 0.040155178999999999
 0.035418851000000001
 0.030971540999999998
 0.026860965000000001
 0.022756658999999999
 0.018636118
 0.015096205
 0.011988894999999999
 0.0095146339999999992
 0.0072558329999999997
 0.0055348410000000004
 0.0042813340000000004
 0.0032137480000000002


# name: Cem1
# type: matrix
# rows: 61
# columns: 1
 0
 0
 0.0019510549999999999
 0.00013033599999999999
 3.8745799999999998e-05
 0
 0
 0
 0
 0
 0
 0
 0
 0
 0
 0
 0
 0
 0
 0
 0
 0.0085531240000000005
 0.020861853
 0.034076887
 0.048414800000000001
 0.066127141
 0.084432705999999996
 0.104199668
 0.12633622799999999
 0.148626487
 0.16807786399999999
 0.18527281800000001
 0.19833330299999999
 0.20911701999999999
 0.21460990899999999
 0.22016719300000001
 0.22190268599999999
 0.222753956
 0.22335654199999999
 0.22068362899999999
 0.21730382100000001
 0.21377860000000001
 0.207928153
 0.20241511100000001
 0.194428086
 0.18799866700000001
 0.17947423900000001
 0.17226461300000001
 0.16471396299999999
 0.15641080800000001
 0.14897732499999999
 0.140023543
 0.13163418099999999
 0.122244716
 0.11389895999999999
 0.10538518700000001
 0.097661643000000006
 0.090140748000000007
 0.083790478000000002
 0.077910612000000004
 0.072729064999999996


# name: Cex2
# type: matrix
# rows: 51
# columns: 1
 0.37693145300000003
 0.33943167499999999
 0.30155809300000003
 0.25920770900000001
 0.22203342600000001
 0.19459653800000001
 0.17812821500000001
 0.17154497199999999
 0.173155425
 0.17975693300000001
 0.18615404299999999
 0.19125350499999999
 0.19273615999999999
 0.19075798999999999
 0.18854674299999999
 0.18279485200000001
 0.173440082
 0.16286251199999999
 0.152769715
 0.141004781
 0.128187407
 0.11601826799999999
 0.10480376700000001
 0.092196499000000001
 0.075231223999999999
 0.058105564999999998
 0.038343650999999999
 0.021158990999999999
 0.0084664519999999993
 0.0020410929999999999
 0
 0
 0
 0
 0
 0
 0
 0
 0
 0
 0
 0
 0
 0
 0
 0
 0
 0
 0
 0
 0


# name: Cem2
# type: matrix
# rows: 61
# columns: 1
 0
 0
 0
 0
 0
 0
 0
 0
 0
 0
 0
 0.0092844869999999993
 0.036030148999999997
 0.065502650999999995
 0.096665844000000001
 0.12639360299999999
 0.157435571
 0.18747133099999999
 0.21591527799999999
 0.23848676599999999
 0.25961008400000002
 0.268500081
 0.27389857499999998
 0.27390240700000001
 0.27254813900000002
 0.265009565
 0.256226703
 0.243192937
 0.227755769
 0.206010042
 0.185669267
 0.16558695000000001
 0.145683167
 0.128721639
 0.112397817
 0.10061915
 0.088664893999999994
 0.078358863000000001
 0.069268944999999998
 0.059381261999999997
 0.051103961000000003
 0.042487294000000002
 0.035471518
 0.028460406000000001
 0.022631953
 0.017178273000000001
 0.013240659
 0.0096396940000000007
 0.0070692330000000003
 0.0052814699999999999
 0.0034556579999999999
 0.002074836
 0.001189488
 0.001094687
 0.00015628300000000001
 4.5094100000000002e-06
 0
 0
 0
 0
 0


# name: Cex3
# type: matrix
# rows: 51
# columns: 1
 0.35915928400000002
 0.28650940699999999
 0.255790093
 0.221803114
 0.209808411
 0.21807917099999999
 0.22706230299999999
 0.24707053900000001
 0.27188683699999999
 0.30063345299999999
 0.30676358799999998
 0.29251935800000001
 0.26225547500000002
 0.20207905200000001
 0.116981004
 0.050033385
 0.017167913999999999
 0.0023734580000000002
 0
 0
 0
 0
 0
 0
 0
 0
 0
 0
 0
 0
 0
 0.00031630500000000001
 0.00054288199999999996
 0.00042627000000000002
 0.000187226
 0
 0
 0
 0
 0.000116869
 0.00053728100000000002
 0.0010038919999999999
 0.0014620429999999999
 0.001840946
 0.0020801119999999998
 0.002211429
 0.0022362969999999999
 0.0021330210000000001
 0.0019774340000000001
 0.001820108
 0.0015994869999999999


# name: Cem3
# type: matrix
# rows: 61
# columns: 1
 0
 0
 0.099967931999999995
 0.158513608
 0.19792454600000001
 0.217859888
 0.230458793
 0.25508035000000001
 0.27467971499999999
 0.29855489600000001
 0.32862123599999998
 0.33486090600000001
 0.29849985800000001
 0.26401312399999999
 0.23047551599999999
 0.202268369
 0.17187913199999999
 0.14341144
 0.124046036
 0.10922368
 0.096371364000000001
 0.084966554
 0.068987444999999994
 0.057876344000000003
 0.043873567000000002
 0.031154925999999999
 0.019263951000000001
 0.0093953300000000003
 0.00079094400000000002
 0
 0
 0
 0
 0
 0
 0
 0
 0
 0.00024359800000000001
 0.0056993540000000002
 0.0092252719999999996
 0.013907836
 0.016980990000000001
 0.020456027000000002
 0.022268620999999999
 0.025622676
 0.026630821999999998
 0.029066689999999999
 0.029560729000000001
 0.031201911999999998
 0.031425068
 0.032303762999999999
 0.032878233
 0.032239957
 0.033344436999999998
 0.032294990000000003
 0.032314401
 0.031213401000000002
 0.032981734999999998
 0.031758683000000003
 0.033624717999999998


