# Created by Octave 7.3.0, Sun Oct 01 16:14:04 2023 UTC <jovyan@224710f94f77>
# name: C
# type: scalar
4


# name: Cex
# type: matrix
# rows: 51
# columns: 1
 250
 255
 260
 265
 270
 275
 280
 285
 290
 295
 300
 305
 310
 315
 320
 325
 330
 335
 340
 345
 350
 355
 360
 365
 370
 375
 380
 385
 390
 395
 400
 405
 410
 415
 420
 425
 430
 435
 440
 445
 450
 455
 460
 465
 470
 475
 480
 485
 490
 495
 500


# name: Cem
# type: matrix
# rows: 41
# columns: 1
 300
 305
 310
 315
 320
 325
 330
 335
 340
 345
 350
 355
 360
 365
 370
 375
 380
 385
 390
 395
 400
 405
 410
 415
 420
 425
 430
 435
 440
 445
 450
 455
 460
 465
 470
 475
 480
 485
 490
 495
 500


# name: Cex1
# type: matrix
# rows: 51
# columns: 1
 0.32032489400000003
 0.31440127299999998
 0.30404766999999999
 0.288393815
 0.26263289400000001
 0.227490321
 0.18835750700000001
 0.153468831
 0.126062598
 0.10960626800000001
 0.099873734000000006
 0.092922744000000002
 0.094196183000000003
 0.10044108
 0.106727119
 0.115392139
 0.123579091
 0.13255488600000001
 0.143364724
 0.152493727
 0.161761496
 0.16922126300000001
 0.17482128999999999
 0.178479892
 0.176902905
 0.16679906
 0.15432222300000001
 0.141462219
 0.13062679899999999
 0.119857326
 0.109180522
 0.095231237999999996
 0.061270798000000001
 0
 0
 0
 0
 0
 0
 0
 0
 0
 0
 0
 0
 0
 0
 0
 0
 0
 0


# name: Cem1
# type: matrix
# rows: 41
# columns: 1
 0.0010083220000000001
 0
 0
 0
 0
 0
 0
 0
 0
 0
 0
 0
 0
 0
 0.0011525070000000001
 0.0076558379999999999
 0.016254497999999999
 0.027998925000000001
 0.042848518000000002
 0.063105218000000005
 0.086392766999999995
 0.112420224
 0.137874459
 0.157234818
 0.17701835699999999
 0.19494577900000001
 0.21156728899999999
 0.22577201099999999
 0.23897786700000001
 0.24699164200000001
 0.25425023899999999
 0.25717173199999999
 0.25669383600000001
 0.256127084
 0.25139735299999999
 0.247982164
 0.241176111
 0.234106545
 0.228097515
 0.22035601899999999
 0.21336348099999999


# name: Cex2
# type: matrix
# rows: 51
# columns: 1
 0.249269719
 0.20386722099999999
 0.171776707
 0.15095059
 0.143756301
 0.15192646700000001
 0.16895128100000001
 0.19128499800000001
 0.216847916
 0.241912247
 0.26612959800000002
 0.28916883100000002
 0.293186312
 0.281075876
 0.26160243700000002
 0.24307635599999999
 0.22289789800000001
 0.20257966999999999
 0.18179474400000001
 0.15820495900000001
 0.13128783699999999
 0.100781431
 0.068287511999999995
 0.038633041
 0.016482008999999999
 0.005883386
 0
 0
 0
 0
 0
 0
 0
 0
 0
 0
 0
 0
 0
 0
 0
 0
 0
 0
 0
 0
 0
 0
 0
 0
 0


# name: Cem2
# type: matrix
# rows: 41
# columns: 1
 0
 0
 0
 0
 0
 0
 0
 0
 0.018564954000000002
 0.046599878999999997
 0.074528769999999994
 0.098743971
 0.126101888
 0.148458594
 0.16970343099999999
 0.19097555499999999
 0.21028101199999999
 0.227992267
 0.24399109599999999
 0.25218636799999999
 0.25639622899999998
 0.25473287
 0.249191987
 0.24285562199999999
 0.23330943000000001
 0.22340842799999999
 0.21347696499999999
 0.201635605
 0.191002488
 0.179114156
 0.16605392899999999
 0.154315377
 0.14139405099999999
 0.12942339899999999
 0.117808776
 0.10985445100000001
 0.099971441999999994
 0.090325029000000001
 0.082576090000000005
 0.073555175
 0.065864794000000004


# name: Cex3
# type: matrix
# rows: 51
# columns: 1
 0.43380837300000002
 0.38821252000000001
 0.33948842099999998
 0.29311632300000001
 0.25752863799999998
 0.23731286100000001
 0.22929949199999999
 0.224619294
 0.21872235800000001
 0.20410982699999999
 0.184331997
 0.169789363
 0.14998325700000001
 0.129410996
 0.11818210699999999
 0.102911075
 0.0916357
 0.073579100999999994
 0.05492524
 0.034329522000000001
 0.012170445
 0
 0
 0
 0
 0
 0
 0
 0
 0
 0
 0
 0
 0
 0
 0
 0
 0
 0
 0
 0
 0
 0
 0
 0
 0
 0
 0
 0
 0
 0


# name: Cem3
# type: matrix
# rows: 41
# columns: 1
 0.016146326999999999
 0.024339066999999999
 0.034123789000000002
 0.047887543999999997
 0.054753557000000001
 0.064906425000000004
 0.088172288000000001
 0.105892679
 0.115462526
 0.132592025
 0.14762704099999999
 0.160109845
 0.17467442399999999
 0.187189459
 0.20002463000000001
 0.20633452199999999
 0.2114713
 0.21478460999999999
 0.21816639099999999
 0.21295641600000001
 0.20370766400000001
 0.193765416
 0.183190777
 0.17802226900000001
 0.17428833099999999
 0.168404585
 0.16443685599999999
 0.16342367099999999
 0.16221649199999999
 0.16108378600000001
 0.15936455699999999
 0.15736946600000001
 0.15452326599999999
 0.153280847
 0.15105021399999999
 0.14873357400000001
 0.14617223900000001
 0.148206175
 0.14645551500000001
 0.147831146
 0.14515519399999999


# name: Cex4
# type: matrix
# rows: 51
# columns: 1
 0.19888618799999999
 0.22174717799999999
 0.266914502
 0.32573263400000002
 0.37923574900000001
 0.408089641
 0.39408833300000001
 0.34935249400000001
 0.28204210899999999
 0.20905520599999999
 0.144026987
 0.046734613000000001
 0.0061567530000000001
 0
 0
 0
 0
 0
 0
 0
 0
 0
 0
 0
 0
 0
 0.00022749700000000001
 1.6617899999999999e-05
 0
 0
 0
 0
 0
 0
 0
 0
 0
 0
 0
 0
 0
 0
 0
 0
 0
 0
 0
 0
 0
 0
 0


# name: Cem4
# type: matrix
# rows: 41
# columns: 1
 0.29850644399999998
 0.31738228699999999
 0.31862908600000001
 0.30457963199999999
 0.317124674
 0.329035091
 0.29630145699999999
 0.290114708
 0.26898673000000001
 0.22184015200000001
 0.18789781999999999
 0.156028534
 0.123431394
 0.099859947000000004
 0.081776137999999998
 0.066876472000000006
 0.054605598999999998
 0.046243604000000001
 0.039593221999999997
 0.033308681999999999
 0.028568300000000001
 0.024132138000000001
 0.020892093
 0.018432384999999999
 0.016515643
 0.016013968
 0.016206692000000002
 0.01626352
 0.017246127999999999
 0.017620869000000001
 0.019313037000000002
 0.020959630999999999
 0.022594645999999999
 0.023792477999999999
 0.024505907
 0.025158313000000002
 0.025310032999999999
 0.023591562999999999
 0.023593302999999999
 0.022406171999999999
 0.021835232


