# Created by Octave 7.3.0, Sat Sep 23 00:06:35 2023 UTC <jovyan@224710f94f77>
# name: C
# type: scalar
6


# name: Cex
# type: matrix
# rows: 76
# columns: 1
 227
 230
 233
 236
 239
 242
 245
 248
 251
 254
 257
 260
 263
 266
 269
 272
 275
 278
 281
 284
 287
 290
 293
 296
 299
 302
 305
 308
 311
 314
 317
 320
 323
 326
 329
 332
 335
 338
 341
 344
 347
 350
 353
 356
 359
 362
 365
 368
 371
 374
 377
 380
 383
 386
 389
 392
 395
 398
 401
 404
 407
 410
 413
 416
 419
 422
 425
 428
 431
 434
 437
 440
 443
 446
 449
 452


# name: Cem
# type: matrix
# rows: 76
# columns: 1
 227
 230
 233
 236
 239
 242
 245
 248
 251
 254
 257
 260
 263
 266
 269
 272
 275
 278
 281
 284
 287
 290
 293
 296
 299
 302
 305
 308
 311
 314
 317
 320
 323
 326
 329
 332
 335
 338
 341
 344
 347
 350
 353
 356
 359
 362
 365
 368
 371
 374
 377
 380
 383
 386
 389
 392
 395
 398
 401
 404
 407
 410
 413
 416
 419
 422
 425
 428
 431
 434
 437
 440
 443
 446
 449
 452


# name: Cex1
# type: matrix
# rows: 76
# columns: 1
 0.30919149880891
 0.29574662622050002
 0.27584157387081998
 0.26152003798561002
 0.24221327383963001
 0.22265834323049
 0.20143946421898001
 0.18028654452182999
 0.16302521262662001
 0.1404258517393
 0.120842236482
 0.10607747815577
 0.091417065338328996
 0.081623378047748996
 0.071687098949770003
 0.065964565936112995
 0.064038220166698995
 0.062421538285522001
 0.064916054329836007
 0.068636399345389995
 0.073944034770520001
 0.081237048580042007
 0.090106965040073997
 0.097607986845160005
 0.10398949107553999
 0.11100113729265999
 0.1195205973315
 0.12871318125261
 0.13797355286150001
 0.14465811630951
 0.15075638768503
 0.15639904756926001
 0.15942590204286999
 0.15853871678454001
 0.15684045732877
 0.15177172086287
 0.14516885461588999
 0.13742890039142999
 0.13053031016419001
 0.11766428567958
 0.10553608954472
 0.091492880944817001
 0.078489824471016004
 0.065902128424909001
 0.053704150059407998
 0.044100137590798998
 0.034893859812632003
 0.027691095216684
 0.021275069799424
 0.015337523794038001
 0.010370132691470999
 0.0060760311734050004
 0.0023269782373150001
 0
 0
 0
 0
 0
 0
 0
 0
 0
 0
 0
 0
 0
 0
 0
 0
 0
 0
 0
 0
 0
 0
 0


# name: Cem1
# type: matrix
# rows: 76
# columns: 1
 0
 0
 7.7247987254227995e-05
 0.00037605034054099997
 0.000787588071772
 0.0013050974460870001
 0.0015141187965609999
 0.0026154255891639999
 0.0033417446049029999
 0.0029835374292490001
 0.003159427095582
 0.0032642057226199999
 0.0040934380929960002
 0.0036538018688919999
 0.0028753719710420001
 0.002843862720655
 0.0017884011450609999
 0.00075289434520399998
 0.00025591682316300002
 0
 0
 0
 0
 0.00026688512079799998
 0.0012265451928360001
 0.00098150268040400005
 0
 0
 0
 0
 0
 0
 0
 0
 0
 0
 0
 0.00050701534322999996
 0.0055888552944179997
 0.010754749777938
 0.016739390759723999
 0.023787526221607999
 0.032268710941566997
 0.043158117204592998
 0.055738813318729999
 0.069548614952763002
 0.084757216652947998
 0.099644145169216006
 0.11503110080912
 0.13067993786547
 0.147806549166
 0.16095031161091
 0.17297122575609999
 0.18600981066774
 0.19511981091653999
 0.2038358839286
 0.20996787089338001
 0.21505239609230001
 0.21962482957345
 0.22344165711271
 0.22288234805779
 0.22349472954864999
 0.22175124842885999
 0.21802977543964
 0.21431827605237
 0.21023670589002
 0.2038945158356
 0.19513008098244999
 0.18764322564488001
 0.17726572885759001
 0.16869513157294
 0.15859460311307999
 0.14895099447408999
 0.14003613922502001
 0.13101277235169001
 0.12216134734382


# name: Cex2
# type: matrix
# rows: 76
# columns: 1
 0.23592361127384001
 0.23413473559824
 0.23222121876189999
 0.23322110598399001
 0.22583919950378001
 0.21670558485623001
 0.2087758494162
 0.20292911216890999
 0.20279752270179999
 0.19341149973596999
 0.18848563851242001
 0.18160568890288001
 0.17452820641205
 0.16607754635008001
 0.15671893859418001
 0.14748200877323001
 0.13942900110376
 0.13210035116377999
 0.12527324044054999
 0.11943624948208
 0.11378934448543
 0.1071619886259
 0.099324593017534005
 0.093811674088030997
 0.090445011760989999
 0.086303172241580003
 0.082513668342639998
 0.078484511210568
 0.075005268202195996
 0.072675144085223006
 0.070809383590451996
 0.069354961812847005
 0.069464002331053001
 0.071137023964496005
 0.073339577803218994
 0.076566528779397
 0.080511294449359005
 0.084386660130906996
 0.087568283603101996
 0.092332640866636007
 0.098299968232595999
 0.10144544855338
 0.1049369262032
 0.10684846965949001
 0.10638336847823
 0.10508326294677001
 0.10245727823013
 0.098672292318551
 0.094088664085720003
 0.088376066073418996
 0.082651128750342001
 0.076498066609415993
 0.070415297448684994
 0.064210271827816995
 0.056958330942929999
 0.049608985547185999
 0.043266808780823
 0.039249389566842
 0.033334476575444
 0.028687551326381001
 0.02482350271764
 0.021511217000440001
 0.018530394493769
 0.016132806336054
 0.014079423858971001
 0.012301108094004001
 0.010593274760575
 0.0091223931620309992
 0.0078815084523249992
 0.0067349655009199998
 0.0058971874175999996
 0.0048333633258810004
 0.0036833825937929998
 0.002765363025138
 0.00190289344289
 0.001233256507076


# name: Cem2
# type: matrix
# rows: 76
# columns: 1
 0
 0
 0
 0
 0
 0
 0
 0
 0
 0
 0
 0
 1.8223184453081001e-05
 0.0010660716840959999
 0.0023498466805050001
 0.0014198795760800001
 0.001377306877905
 0.00089942948252299995
 0
 0
 0
 0
 0
 0
 0
 0
 0
 6.1198119306135994e-05
 0.00032101622327499997
 0.000140278625524
 0
 0
 0
 0
 0
 0
 0
 0.00032441165664900002
 0
 0
 0
 0
 0
 0
 0
 0
 0
 0
 0
 0
 0
 0.0048236270515199997
 0.013281242382006999
 0.020978465081486
 0.031866568745980997
 0.044268356344101999
 0.058698895247809003
 0.074131436886771998
 0.090627473180774007
 0.10594636282196
 0.12449208405431
 0.14150415590818999
 0.15998405799519
 0.17879680668598
 0.1950049756411
 0.21086737598529001
 0.22727388456370001
 0.24275554790741999
 0.25698240229502001
 0.26954272583814998
 0.28002103483155
 0.29069102212789
 0.29831284516014001
 0.30632528484089999
 0.31193918866192
 0.31637923659452999


# name: Cex3
# type: matrix
# rows: 76
# columns: 1
 0.15559060252267001
 0.19911701294520001
 0.24567755975514
 0.27700795655693
 0.28091538729038001
 0.26845348690797999
 0.23956455032542001
 0.21066326879120001
 0.18376989984936001
 0.16437251631338001
 0.15377808940016999
 0.14416706044635999
 0.13778856306424
 0.13276724038172
 0.12902192807029
 0.12721076215853
 0.12913177532726999
 0.13852429053595
 0.14657511038391999
 0.16065087872604999
 0.1726240885591
 0.17928176040011001
 0.17791100332922
 0.17751630640239999
 0.17811453707323999
 0.17364176550631
 0.1622962241466
 0.14631512472934
 0.12915307165459999
 0.11330118018415999
 0.096387148275239004
 0.078136151982490007
 0.061553082822514003
 0.048446926444775003
 0.037035375718245001
 0.027923434303179999
 0.020058379205104001
 0.011834355042382999
 0.0028327169466830001
 0
 0
 0
 0
 0
 0
 0
 0
 0
 0
 0
 0
 0
 0.00044410970391200002
 0.00074338869664500003
 0
 0
 0
 0
 0
 0
 0
 0
 0
 0
 0
 0
 0
 0
 0
 0
 0
 0
 0
 0
 0
 0


