# Created by Octave 7.3.0, Mon Oct 16 03:45:24 2023 UTC <jovyan@224710f94f77>
# name: C
# type: scalar
6


# name: Cex
# type: matrix
# rows: 43
# columns: 1
 240
 245
 250
 255
 260
 265
 270
 275
 280
 285
 290
 295
 300
 305
 310
 315
 320
 325
 330
 335
 340
 345
 350
 355
 360
 365
 370
 375
 380
 385
 390
 395
 400
 405
 410
 415
 420
 425
 430
 435
 440
 445
 450


# name: Cem
# type: matrix
# rows: 76
# columns: 1
 300
 304
 308
 312
 316
 320
 324
 328
 332
 336
 340
 344
 348
 352
 356
 360
 364
 368
 372
 376
 380
 384
 388
 392
 396
 400
 404
 408
 412
 416
 420
 424
 428
 432
 436
 440
 444
 448
 452
 456
 460
 464
 468
 472
 476
 480
 484
 488
 492
 496
 500
 504
 508
 512
 516
 520
 524
 528
 532
 536
 540
 544
 548
 552
 556
 560
 564
 568
 572
 576
 580
 584
 588
 592
 596
 600


# name: Cex1
# type: matrix
# rows: 43
# columns: 1
 0.33474251900000002
 0.305241816
 0.22519397099999999
 0.116716873
 0.105587418
 0.113303153
 0.13078735699999999
 0.14751565999999999
 0.17480179300000001
 0.22262854400000001
 0.27614237000000003
 0.32866149300000003
 0.35334169799999998
 0.35308765800000003
 0.28042036599999998
 0.23009781000000001
 0.14525251
 0.031115884
 0.0046525530000000002
 0.0022640709999999999
 0
 0
 0
 0
 0
 0
 0
 0
 0
 0
 0
 0
 0
 0
 0
 0
 0
 0
 0
 0
 0
 0
 0


# name: Cem1
# type: matrix
# rows: 76
# columns: 1
 0.00094901499999999999
 0.0019287289999999999
 0.00305259
 0.012810235
 0.051241358000000001
 0.120032455
 0.179099012
 0.196949709
 0.23506178699999999
 0.289700403
 0.315564911
 0.30326641399999998
 0.29361496500000001
 0.29917754600000002
 0.29783628000000001
 0.27294677699999997
 0.24135235899999999
 0.217158818
 0.19425773299999999
 0.17038347000000001
 0.14509370299999999
 0.12588972300000001
 0.103221719
 0.081364773000000001
 0.071555463999999999
 0.058840368999999997
 0.048571030000000001
 0.041178938999999998
 0.032777213999999999
 0.027029197000000001
 0.022629406000000001
 0.017964577999999998
 0.014681832000000001
 0.011852222000000001
 0.0095531450000000007
 0.0077206719999999996
 0.0065733789999999999
 0.00522829
 0.0043702890000000003
 0.0038110069999999999
 0.002818639
 0.00227466
 0.00199423
 0.0014263419999999999
 0.001296951
 0.001027308
 0.001295439
 0.00092251099999999999
 0.00070692599999999997
 0.00099186400000000007
 0.00081784900000000005
 0.00050928300000000002
 0.00063727100000000002
 0.00052853000000000004
 0.00032088499999999997
 0.00033586500000000002
 0.00026009900000000002
 0.00033584799999999997
 0.000359816
 8.8754599999999999e-05
 0.00016958899999999999
 0.00027393099999999999
 0.000236355
 0.00017749199999999999
 8.9864299999999999e-05
 0.000117433
 0.00030475899999999999
 0.00031230199999999998
 0
 7.44311e-05
 0.00017195099999999999
 0
 0.00017965
 9.7382599999999998e-05
 4.7049999999999998e-05
 2.1560500000000001e-05


# name: Cex2
# type: matrix
# rows: 43
# columns: 1
 0.53321013900000003
 0.41116776399999999
 0.30392806
 0.23095416799999999
 0.20367062599999999
 0.16456098699999999
 0.14543088700000001
 0.14707336200000001
 0.15091797900000001
 0.15683279899999999
 0.137850679
 0.106033091
 0.083174229000000002
 0.070335761999999996
 0.07462879
 0.087808878000000007
 0.106882448
 0.109306682
 0.094533114000000001
 0.073192391999999995
 0.051900633000000002
 0.034178803000000001
 0.024415656000000001
 0.019445969
 0.019007297999999999
 0.020547859000000002
 0.022168492000000001
 0.022716564000000002
 0.025345311999999998
 0.024065221000000001
 0.023167515999999999
 0.024419712999999999
 0.024306243000000002
 0.025722438
 0.028122417
 0.033440708
 0.043766521000000003
 0.057236260999999997
 0.073435191999999996
 0.097793088
 0.13257263899999999
 0.18445789100000001
 0.25544665900000002


# name: Cem2
# type: matrix
# rows: 76
# columns: 1
 0
 0.000363548
 0
 0
 0
 0
 0
 0.00021671200000000001
 0.0012474249999999999
 0.00082806299999999998
 0.0025758080000000002
 0.00021445200000000001
 0.00052620200000000003
 0
 0.00079674599999999998
 0.0010865510000000001
 0
 0
 0
 0
 0.00032558400000000002
 0
 0.0022279499999999998
 0.0018410659999999999
 0.0017361810000000001
 0.0017146609999999999
 0.000944622
 0.00063067099999999997
 0
 0
 0.00056594399999999997
 0
 0
 0.00020235000000000001
 0
 9.3052600000000004e-05
 0.00027021499999999997
 0
 0
 0.00041246700000000002
 0
 0.0014632880000000001
 0.00095709799999999998
 0.0018350339999999999
 0.0042903139999999999
 0.006996637
 0.017450317
 0.037216473999999999
 0.078742062000000002
 0.140205316
 0.21968984799999999
 0.30114887099999998
 0.35112664399999999
 0.37071409500000002
 0.36411833399999999
 0.33096241900000001
 0.297750191
 0.24859098199999999
 0.21169173799999999
 0.181175793
 0.155358834
 0.138569569
 0.121758799
 0.109643693
 0.096626580000000004
 0.084196209999999994
 0.070586551999999997
 0.059973257000000002
 0.046846963999999998
 0.040053876000000002
 0.034406059000000003
 0.029064435999999999
 0.023164988000000001
 0.020294863999999999
 0.016932491000000001
 0.014720328


# name: Cex3
# type: matrix
# rows: 43
# columns: 1
 0.199522591
 0.150221682
 0.15386165500000001
 0.18949391400000001
 0.249140474
 0.29553168600000002
 0.35532203099999998
 0.39859634900000002
 0.39808911200000002
 0.36651367299999998
 0.30473286399999999
 0.184806313
 0.115872423
 0.069428816000000004
 0.047320426999999998
 0.041791426
 0.035151848999999999
 0.014167804000000001
 0.0029103570000000001
 0
 0
 0
 0
 0
 0
 0
 0
 0
 0
 0
 0
 0
 0
 0
 0
 0
 0
 0
 0
 0
 0
 0
 0


# name: Cem3
# type: matrix
# rows: 76
# columns: 1
 0.088580174999999997
 0.11234604300000001
 0.13794579300000001
 0.164946975
 0.19340058299999999
 0.211566694
 0.25066876399999999
 0.26351277200000001
 0.28196481099999998
 0.28092820499999999
 0.28354520100000002
 0.27844070700000001
 0.26424382000000002
 0.25924940800000001
 0.236289745
 0.21708822999999999
 0.19685660899999999
 0.181806829
 0.154401016
 0.139493072
 0.118990021
 0.100693189
 0.086310654000000001
 0.072317636000000005
 0.058040776000000002
 0.049484007000000003
 0.039036644000000002
 0.029878792000000001
 0.024181968000000002
 0.017578363
 0.014118121000000001
 0.010112784
 0.0077633140000000003
 0.0043198280000000004
 0.003209511
 0.001577829
 0.002884976
 0.0020139110000000002
 0.00097177500000000003
 0.000807276
 0.0014660299999999999
 0.0027868279999999999
 0.0015176250000000001
 0.0025888370000000001
 0.0033392769999999999
 0.001311928
 0.0038715830000000001
 0.0028426179999999999
 0.0044643800000000004
 0.0023046780000000001
 0.003584538
 0.0048068950000000003
 0.0045371470000000001
 0.0040339010000000003
 0.0064165230000000004
 0.0081601429999999999
 0.0074608820000000003
 0.0063583950000000002
 0.0079093840000000002
 0.0075377530000000003
 0.0078797520000000003
 0.0070257289999999997
 0.0073783659999999999
 0.0068090929999999996
 0.0054684470000000004
 0.0060631280000000001
 0.0056281769999999998
 0.0052842100000000001
 0.0037183189999999999
 0.003837769
 0.0039673750000000004
 0.0032536700000000002
 0.002634637
 0.002884214
 0.0022469450000000002
 0.00198402


# name: Cex4
# type: matrix
# rows: 43
# columns: 1
 0.29351004200000003
 0.28817841300000002
 0.29009849999999998
 0.27877225100000003
 0.282258391
 0.25709607299999998
 0.239575764
 0.21543601500000001
 0.18127408
 0.15066244600000001
 0.12563622899999999
 0.104609982
 0.093648678999999999
 0.082869373999999996
 0.082798895999999997
 0.085990449999999996
 0.090612864000000001
 0.100751542
 0.111603277
 0.12101213399999999
 0.13248389399999999
 0.14025565300000001
 0.144330928
 0.144907329
 0.147674691
 0.14589617899999999
 0.144776087
 0.14051192600000001
 0.13575189300000001
 0.12660268699999999
 0.11371168399999999
 0.102797388
 0.090455071999999997
 0.082033030000000007
 0.074507126000000007
 0.069232930999999998
 0.063338265000000005
 0.058294674999999997
 0.052444218000000001
 0.046712277000000003
 0.040880415000000003
 0.03212839
 0.024785964000000001


