# Created by Octave 7.3.0, Mon Oct 16 03:35:23 2023 UTC <jovyan@224710f94f77>
# name: C
# type: scalar
5


# name: Cex
# type: matrix
# rows: 42
# columns: 1
 245
 250
 255
 260
 265
 270
 275
 280
 285
 290
 295
 300
 305
 310
 315
 320
 325
 330
 335
 340
 345
 350
 355
 360
 365
 370
 375
 380
 385
 390
 395
 400
 405
 410
 415
 420
 425
 430
 435
 440
 445
 450


# name: Cem
# type: matrix
# rows: 76
# columns: 1
 300
 304
 308
 312
 316
 320
 324
 328
 332
 336
 340
 344
 348
 352
 356
 360
 364
 368
 372
 376
 380
 384
 388
 392
 396
 400
 404
 408
 412
 416
 420
 424
 428
 432
 436
 440
 444
 448
 452
 456
 460
 464
 468
 472
 476
 480
 484
 488
 492
 496
 500
 504
 508
 512
 516
 520
 524
 528
 532
 536
 540
 544
 548
 552
 556
 560
 564
 568
 572
 576
 580
 584
 588
 592
 596
 600


# name: Cex1
# type: matrix
# rows: 42
# columns: 1
 0.31048999999999999
 0.28710000000000002
 0.26613999999999999
 0.25913999999999998
 0.22234000000000001
 0.19805
 0.1704
 0.14810999999999999
 0.1386
 0.12914
 0.13255
 0.12747
 0.13844000000000001
 0.15126999999999999
 0.16336000000000001
 0.17749000000000001
 0.18751999999999999
 0.19450000000000001
 0.20066000000000001
 0.19989000000000001
 0.19886000000000001
 0.18729999999999999
 0.17666000000000001
 0.16763
 0.15212000000000001
 0.13250000000000001
 0.11622
 0.10002999999999999
 0.087121000000000004
 0.073088
 0.060786
 0.047211000000000003
 0.039165999999999999
 0.031349000000000002
 0.023522999999999999
 0.01584
 0.0081665000000000001
 0.00091927000000000003
 0
 0
 0
 0


# name: Cem1
# type: matrix
# rows: 76
# columns: 1
 0
 0
 0
 0
 0
 0
 0
 0
 0
 0
 0
 0.0038709
 0
 0
 0
 0
 0
 0
 0
 0
 0.013694
 0.020256
 0.034773999999999999
 0.042687999999999997
 0.065487000000000004
 0.086599999999999996
 0.097193000000000002
 0.11773
 0.13472999999999999
 0.15662999999999999
 0.17887
 0.19941999999999999
 0.21138999999999999
 0.22217999999999999
 0.22817000000000001
 0.24116000000000001
 0.24018999999999999
 0.23824000000000001
 0.23269000000000001
 0.23280000000000001
 0.22503999999999999
 0.21379999999999999
 0.20280000000000001
 0.19674
 0.18923000000000001
 0.17927000000000001
 0.16836000000000001
 0.15454000000000001
 0.14904999999999999
 0.13988999999999999
 0.12408
 0.11212
 0.10194
 0.090711
 0.077878000000000003
 0.072775000000000006
 0.068784999999999999
 0.063030000000000003
 0.055943
 0.050203999999999999
 0.045657000000000003
 0.037020999999999998
 0.035612999999999999
 0.030571000000000001
 0.027888
 0.026084
 0.022785
 0.018988999999999999
 0.018082999999999998
 0.016258000000000002
 0.014376
 0.011975
 0.012449999999999999
 0.0098189000000000002
 0.0075560000000000002
 0.0074432999999999999


# name: Cex2
# type: matrix
# rows: 42
# columns: 1
 0.27644999999999997
 0.27038000000000001
 0.26582
 0.27403
 0.25396000000000002
 0.24664
 0.23047000000000001
 0.21153
 0.19752
 0.17932000000000001
 0.16594
 0.15586
 0.14398
 0.13536000000000001
 0.12867000000000001
 0.12554000000000001
 0.12124
 0.11666
 0.1195
 0.11741
 0.11842999999999999
 0.11811000000000001
 0.11842
 0.11842999999999999
 0.11550000000000001
 0.11771
 0.11856
 0.11912
 0.11559999999999999
 0.11389000000000001
 0.11036
 0.10630000000000001
 0.10168000000000001
 0.096296999999999994
 0.091489000000000001
 0.091009999999999994
 0.086697999999999997
 0.081957000000000002
 0.076469999999999996
 0.070302000000000003
 0.065765000000000004
 0.062379999999999998


# name: Cem2
# type: matrix
# rows: 76
# columns: 1
 0
 0
 0
 0.00048910000000000002
 0
 0
 0
 0
 0
 0
 0
 0.00081680000000000001
 0.0037981999999999998
 0.0038111
 0.0063518999999999997
 0.0029794999999999999
 0.0028980999999999998
 0.002627
 0.0021313
 0
 0
 0
 0
 0
 0
 0
 0
 0
 0
 0.00040943000000000002
 0
 0.0010777
 0.021366
 0.025384
 0.037196
 0.050354999999999997
 0.069059999999999996
 0.080098000000000003
 0.096357999999999999
 0.10227
 0.11176
 0.12742999999999999
 0.14504
 0.16042000000000001
 0.17380000000000001
 0.19015000000000001
 0.1958
 0.20079
 0.20438000000000001
 0.20326
 0.21298
 0.21567
 0.21276
 0.21414
 0.21526999999999999
 0.21093999999999999
 0.20324999999999999
 0.19944999999999999
 0.18909999999999999
 0.18004000000000001
 0.17077999999999999
 0.16599
 0.15642
 0.1512
 0.14233999999999999
 0.13574
 0.12734999999999999
 0.12139
 0.108
 0.1036
 0.098427000000000001
 0.092173000000000005
 0.083002999999999993
 0.077246999999999996
 0.073902999999999996
 0.068335000000000007


# name: Cex3
# type: matrix
# rows: 42
# columns: 1
 0.36448000000000003
 0.33322000000000002
 0.29535
 0.26568000000000003
 0.22286
 0.19428999999999999
 0.17787
 0.17407
 0.17943999999999999
 0.19386999999999999
 0.20982000000000001
 0.22117000000000001
 0.22359999999999999
 0.22611000000000001
 0.21482999999999999
 0.20032
 0.18346000000000001
 0.15787999999999999
 0.13084999999999999
 0.10521999999999999
 0.081267000000000006
 0.058660999999999998
 0.04018
 0.019234000000000001
 0.0039176999999999997
 0
 0
 0
 0
 0
 0
 0
 0
 0
 0
 0
 0
 0
 0
 0
 0
 0


# name: Cem3
# type: matrix
# rows: 76
# columns: 1
 0
 0
 0
 0
 0
 0
 0
 0
 0
 0
 0
 0
 0.011677
 0.024205999999999998
 0.029787999999999999
 0.050944000000000003
 0.069919999999999996
 0.091829999999999995
 0.11747
 0.14419000000000001
 0.15559999999999999
 0.18082000000000001
 0.19111
 0.20881
 0.21648000000000001
 0.22700999999999999
 0.24034
 0.24160000000000001
 0.24628
 0.24706
 0.24456
 0.24315000000000001
 0.2281
 0.221
 0.20769000000000001
 0.18411
 0.16303999999999999
 0.15976000000000001
 0.14072000000000001
 0.12886
 0.11037
 0.10423
 0.10127
 0.089474999999999999
 0.083180000000000004
 0.071847999999999995
 0.072361999999999996
 0.063961000000000004
 0.057255
 0.053758
 0.049970000000000001
 0.047495000000000002
 0.044392000000000001
 0.040083000000000001
 0.038386999999999998
 0.031733999999999998
 0.033230000000000003
 0.029638000000000001
 0.030522000000000001
 0.028074999999999999
 0.025003000000000001
 0.024849
 0.024708999999999998
 0.023451
 0.024532000000000002
 0.021901
 0.021191000000000002
 0.016576
 0.018754
 0.017239000000000001
 0.015377
 0.015472
 0.011231
 0.013535
 0.011826
 0.010015


# name: Cex4
# type: matrix
# rows: 42
# columns: 1
 0.29568
 0.20848
 0.1106
 0.10353
 0.11432
 0.13200000000000001
 0.15140999999999999
 0.18801000000000001
 0.24184
 0.30254999999999999
 0.35581000000000002
 0.38422000000000001
 0.38572000000000001
 0.31614999999999999
 0.25144
 0.14371999999999999
 0.023203999999999999
 0
 0
 0
 0
 0
 0
 0
 0
 0
 0
 0
 0
 0
 0
 0
 0
 0
 0
 0
 0
 0
 0
 0
 0
 0


