# Created by Octave 7.3.0, Mon Oct 16 03:24:42 2023 UTC <jovyan@224710f94f77>
# name: C
# type: scalar
5


# name: Cex
# type: matrix
# rows: 21
# columns: 1
 300
 305
 310
 315
 320
 325
 330
 335
 340
 345
 350
 355
 360
 365
 370
 375
 380
 385
 390
 395
 400


# name: Cem
# type: matrix
# rows: 111
# columns: 1
 330
 332
 334
 336
 338
 340
 342
 344
 346
 348
 350
 352
 354
 356
 358
 360
 362
 364
 366
 368
 370
 372
 374
 376
 378
 380
 382
 384
 386
 388
 390
 392
 394
 396
 398
 400
 402
 404
 406
 408
 410
 412
 414
 416
 418
 420
 422
 424
 426
 428
 430
 432
 434
 436
 438
 440
 442
 444
 446
 448
 450
 452
 454
 456
 458
 460
 462
 464
 466
 468
 470
 472
 474
 476
 478
 480
 482
 484
 486
 488
 490
 492
 494
 496
 498
 500
 502
 504
 506
 508
 510
 512
 514
 516
 518
 520
 522
 524
 526
 528
 530
 532
 534
 536
 538
 540
 542
 544
 546
 548
 550


# name: Cex1
# type: matrix
# rows: 21
# columns: 1
 0.33400000000000002
 0.33200000000000002
 0.33800000000000002
 0.32700000000000001
 0.316
 0.30599999999999999
 0.28299999999999997
 0.26900000000000002
 0.248
 0.22500000000000001
 0.193
 0.16300000000000001
 0.13
 0.095000000000000001
 0.069000000000000006
 0.047
 0.029999999999999999
 0.014999999999999999
 0.0050000000000000001
 0
 0


# name: Cem1
# type: matrix
# rows: 111
# columns: 1
 0
 0
 0.001
 0
 0.002
 0.002
 0.001
 0.001
 0
 0.001
 0.001
 0
 0.002
 0.001
 0.0040000000000000001
 0.0060000000000000001
 0.0080000000000000002
 0.012
 0.014
 0.017999999999999999
 0.021999999999999999
 0.025999999999999999
 0.029999999999999999
 0.034000000000000002
 0.037999999999999999
 0.043999999999999997
 0.050000000000000003
 0.055
 0.060999999999999999
 0.067000000000000004
 0.073999999999999996
 0.079000000000000001
 0.085999999999999993
 0.094
 0.10000000000000001
 0.106
 0.111
 0.115
 0.11899999999999999
 0.123
 0.126
 0.13
 0.13300000000000001
 0.13600000000000001
 0.13900000000000001
 0.14299999999999999
 0.14499999999999999
 0.14699999999999999
 0.152
 0.152
 0.152
 0.153
 0.151
 0.152
 0.14899999999999999
 0.14899999999999999
 0.14699999999999999
 0.14499999999999999
 0.14399999999999999
 0.14399999999999999
 0.14099999999999999
 0.13700000000000001
 0.13600000000000001
 0.13300000000000001
 0.129
 0.126
 0.123
 0.121
 0.11899999999999999
 0.11899999999999999
 0.11600000000000001
 0.114
 0.115
 0.112
 0.111
 0.111
 0.107
 0.105
 0.10100000000000001
 0.10000000000000001
 0.097000000000000003
 0.097000000000000003
 0.092999999999999999
 0.091999999999999998
 0.091999999999999998
 0.089999999999999997
 0.087999999999999995
 0.086999999999999994
 0.084000000000000005
 0.082000000000000003
 0.080000000000000002
 0.078
 0.075999999999999998
 0.074999999999999997
 0.072999999999999995
 0.071999999999999995
 0.070999999999999994
 0.069000000000000006
 0.068000000000000005
 0.066000000000000003
 0.066000000000000003
 0.063
 0.063
 0.058999999999999997
 0.058999999999999997
 0.056000000000000001
 0.055
 0.051999999999999998
 0.051999999999999998
 0.051999999999999998
 0.048000000000000001


# name: Cex2
# type: matrix
# rows: 21
# columns: 1
 0.48199999999999998
 0.45300000000000001
 0.43099999999999999
 0.372
 0.318
 0.26200000000000001
 0.19700000000000001
 0.14099999999999999
 0.087999999999999995
 0.044999999999999998
 0.014999999999999999
 0.002
 0
 0
 0
 0
 0
 0
 0
 0
 0


# name: Cem2
# type: matrix
# rows: 111
# columns: 1
 0
 0.050000000000000003
 0.055
 0.051999999999999998
 0.053999999999999999
 0.058000000000000003
 0.058000000000000003
 0.062
 0.065000000000000002
 0.070000000000000007
 0.075999999999999998
 0.082000000000000003
 0.086999999999999994
 0.092999999999999999
 0.096000000000000002
 0.098000000000000004
 0.10299999999999999
 0.105
 0.113
 0.11700000000000001
 0.12
 0.126
 0.128
 0.13300000000000001
 0.13400000000000001
 0.13600000000000001
 0.14199999999999999
 0.14299999999999999
 0.14799999999999999
 0.14899999999999999
 0.154
 0.154
 0.155
 0.16
 0.159
 0.158
 0.155
 0.155
 0.153
 0.152
 0.151
 0.152
 0.14899999999999999
 0.14699999999999999
 0.14699999999999999
 0.14499999999999999
 0.14399999999999999
 0.14099999999999999
 0.13800000000000001
 0.13500000000000001
 0.13100000000000001
 0.129
 0.124
 0.121
 0.11600000000000001
 0.112
 0.109
 0.104
 0.099000000000000005
 0.097000000000000003
 0.090999999999999998
 0.086999999999999994
 0.084000000000000005
 0.080000000000000002
 0.075999999999999998
 0.071999999999999995
 0.068000000000000005
 0.065000000000000002
 0.062
 0.059999999999999998
 0.058000000000000003
 0.056000000000000001
 0.055
 0.051999999999999998
 0.050999999999999997
 0.049000000000000002
 0.048000000000000001
 0.045999999999999999
 0.042999999999999997
 0.042999999999999997
 0.040000000000000001
 0.039
 0.037999999999999999
 0.036999999999999998
 0.036999999999999998
 0.035999999999999997
 0.034000000000000002
 0.033000000000000002
 0.032000000000000001
 0.031
 0.029000000000000001
 0.029000000000000001
 0.028000000000000001
 0.027
 0.025000000000000001
 0.025000000000000001
 0.024
 0.024
 0.023
 0.021999999999999999
 0.021999999999999999
 0.021000000000000001
 0.021000000000000001
 0.019
 0.019
 0.017999999999999999
 0.017000000000000001
 0.017000000000000001
 0.016
 0.016
 0.016


# name: Cex3
# type: matrix
# rows: 21
# columns: 1
 0.094
 0.11899999999999999
 0.153
 0.17999999999999999
 0.20899999999999999
 0.24099999999999999
 0.25700000000000001
 0.28100000000000003
 0.29599999999999999
 0.308
 0.30299999999999999
 0.29899999999999999
 0.28499999999999998
 0.246
 0.22500000000000001
 0.20200000000000001
 0.17299999999999999
 0.14699999999999999
 0.11899999999999999
 0.088999999999999996
 0.062


# name: Cem3
# type: matrix
# rows: 111
# columns: 1
 0
 0
 0
 0
 0
 0
 0
 0
 0
 0
 0
 0
 0
 0
 0
 0
 0
 0
 0
 0
 0.001
 0.001
 0
 0
 0
 0.001
 0
 0
 0
 0
 0
 0
 0
 0
 0
 0.001
 0.0030000000000000001
 0.012999999999999999
 0.021999999999999999
 0.031
 0.039
 0.052999999999999999
 0.059999999999999998
 0.070999999999999994
 0.083000000000000004
 0.092999999999999999
 0.106
 0.115
 0.128
 0.13800000000000001
 0.14599999999999999
 0.159
 0.16500000000000001
 0.17399999999999999
 0.17899999999999999
 0.184
 0.187
 0.189
 0.189
 0.192
 0.191
 0.187
 0.19
 0.184
 0.17999999999999999
 0.17599999999999999
 0.16900000000000001
 0.16800000000000001
 0.16300000000000001
 0.16
 0.155
 0.151
 0.14899999999999999
 0.14399999999999999
 0.14000000000000001
 0.13600000000000001
 0.13
 0.126
 0.11799999999999999
 0.114
 0.107
 0.10100000000000001
 0.095000000000000001
 0.091999999999999998
 0.087999999999999995
 0.085000000000000006
 0.079000000000000001
 0.073999999999999996
 0.068000000000000005
 0.064000000000000001
 0.058999999999999997
 0.058000000000000003
 0.050999999999999997
 0.047
 0.041000000000000002
 0.039
 0.035000000000000003
 0.033000000000000002
 0.029000000000000001
 0.025999999999999999
 0.024
 0.023
 0.02
 0.016
 0.016
 0.012
 0.010999999999999999
 0.0089999999999999993
 0.0070000000000000001
 0.0060000000000000001
 0.0050000000000000001


# name: Cex4
# type: matrix
# rows: 21
# columns: 1
 0.33900000000000002
 0.27700000000000002
 0.23799999999999999
 0.20200000000000001
 0.182
 0.17000000000000001
 0.159
 0.158
 0.159
 0.16600000000000001
 0.17199999999999999
 0.19
 0.20799999999999999
 0.20899999999999999
 0.22600000000000001
 0.23899999999999999
 0.23999999999999999
 0.247
 0.247
 0.23599999999999999
 0.223


