# Created by Octave 7.3.0, Mon Oct 16 03:19:58 2023 UTC <jovyan@224710f94f77>
# name: C
# type: scalar
7


# name: Cex
# type: matrix
# rows: 43
# columns: 1
 240
 245
 250
 255
 260
 265
 270
 275
 280
 285
 290
 295
 300
 305
 310
 315
 320
 325
 330
 335
 340
 345
 350
 355
 360
 365
 370
 375
 380
 385
 390
 395
 400
 405
 410
 415
 420
 425
 430
 435
 440
 445
 450


# name: Cem
# type: matrix
# rows: 63
# columns: 1
 300
 304
 308
 312
 316
 320
 324
 328
 332
 336
 340
 344
 348
 352
 356
 360
 364
 368
 372
 376
 380
 384
 388
 392
 396
 400
 404
 408
 412
 416
 420
 424
 428
 432
 436
 440
 444
 448
 452
 456
 460
 464
 468
 472
 476
 480
 484
 488
 492
 496
 500
 504
 508
 512
 516
 520
 524
 528
 532
 536
 540
 544
 548


# name: Cex1
# type: matrix
# rows: 43
# columns: 1
 0.31682172800000002
 0.305689304
 0.289086381
 0.28406953499999998
 0.28337669100000001
 0.25426478499999999
 0.23269009399999999
 0.20401656500000001
 0.18578494000000001
 0.16612676400000001
 0.14630201400000001
 0.137113176
 0.12465259099999999
 0.12288584299999999
 0.124837558
 0.126128038
 0.130183722
 0.13510541200000001
 0.13828517700000001
 0.138179729
 0.138863557
 0.13583868800000001
 0.131728649
 0.12901542599999999
 0.12615923500000001
 0.11450144199999999
 0.11150077899999999
 0.103531068
 0.089757996000000007
 0.082327549
 0.072646733000000005
 0.064056863000000006
 0.056175858000000002
 0.052255141999999997
 0.046608551999999998
 0.042913492999999997
 0.038177687000000002
 0.034531464999999997
 0.030435586000000001
 0.027278448
 0.021741252999999999
 0.017596441000000001
 0.013949243


# name: Cem1
# type: matrix
# rows: 63
# columns: 1
 0
 0
 0
 0
 0
 0.0029505
 0
 0
 0
 0
 0
 0
 0
 0
 0
 0
 0.001022579
 0.0013334270000000001
 0.014051592999999999
 0.026588944999999999
 0.034216228000000001
 0.053803801999999998
 0.068841880999999994
 0.093135244000000006
 0.10574515499999999
 0.112496797
 0.13505624599999999
 0.15203755799999999
 0.16531255
 0.179487287
 0.189677234
 0.207723507
 0.21491828900000001
 0.218811218
 0.213202954
 0.21297361000000001
 0.216575565
 0.21607635
 0.21134312599999999
 0.20714005099999999
 0.19944463000000001
 0.19353030299999999
 0.18826848199999999
 0.18231365499999999
 0.176500876
 0.170788999
 0.16572646799999999
 0.15985580999999999
 0.152656074
 0.144925845
 0.135703396
 0.12457404599999999
 0.114195402
 0.105669362
 0.096638941000000006
 0.089101368
 0.082770439000000001
 0.077061059000000001
 0.071679321000000004
 0.066970692999999998
 0.062318579999999998
 0.058439828999999999
 0.054769488999999998


# name: Cex2
# type: matrix
# rows: 43
# columns: 1
 0.16593506299999999
 0.114382793
 0.12474215399999999
 0.171815357
 0.23325288699999999
 0.29024537
 0.33343360399999999
 0.36374114699999999
 0.447090027
 0.41847634
 0.316459612
 0.195648557
 0.101036826
 0.075608807
 0.042940198999999998
 0.023713728999999999
 0.0096374609999999999
 0.017462483000000001
 0
 0
 0
 0
 0
 0
 0
 0
 0
 0
 0
 0
 0
 0
 0
 0
 0
 0
 0
 0
 0
 0
 0
 0
 0


# name: Cem2
# type: matrix
# rows: 63
# columns: 1
 0
 0
 0.015966603999999999
 0.104236858
 0.20978395599999999
 0.274098813
 0.31439274499999997
 0.31086782000000002
 0.30352136600000001
 0.29883111099999998
 0.292610973
 0.270106817
 0.253716412
 0.235654435
 0.22011373300000001
 0.20000100000000001
 0.17753628900000001
 0.157239085
 0.136982774
 0.118303108
 0.102120662
 0.086613510000000005
 0.071547246999999994
 0.067437063000000005
 0.057200076000000002
 0.046987255999999998
 0.035421777000000002
 0.029355976999999998
 0.022447047000000001
 0.017268775
 0.014250419
 0.010402560999999999
 0.0086768469999999997
 0.0082579460000000004
 0.0061853539999999997
 0.0045320020000000003
 0.0040481620000000001
 0.0045144959999999998
 0.0041764719999999996
 0.0044245789999999997
 0.0047882990000000002
 0.0043962269999999999
 0.0042960660000000003
 0.0044728570000000002
 0.0046987449999999998
 0.0045082400000000002
 0.0043856390000000002
 0.0050020780000000001
 0.0040480129999999996
 0.0037851959999999998
 0.0043100070000000002
 0.0034750459999999999
 0.0034667330000000001
 0.0039602329999999996
 0.0027443379999999998
 0.0028140719999999999
 0.002774856
 0.0025081460000000002
 0.002157923
 0.0020699899999999999
 0.0021785480000000002
 0.002714855
 0.0024690839999999999


# name: Cex3
# type: matrix
# rows: 43
# columns: 1
 0.53264175400000002
 0.52412514499999996
 0.47754712900000001
 0.366088786
 0.24315767499999999
 0.096227159000000007
 0.053216826000000002
 0.053725087999999997
 0.020405468
 0.060091807999999997
 0.031684232
 0.019449081999999999
 0
 0
 0
 0
 0
 0
 0.00017222
 3.9492200000000001e-05
 0
 0
 0
 0
 0
 0
 0
 0
 0
 0
 0
 0
 0
 0
 0
 0
 0
 0
 0
 0
 0
 0
 0


# name: Cem3
# type: matrix
# rows: 63
# columns: 1
 0.40919698100000002
 0.453974565
 0.45997101099999999
 0.371957857
 0.317364861
 0.29504348899999999
 0.20767594
 0.151043176
 0.110477728
 0.072713362000000004
 0.045295950000000001
 0.028072564000000001
 0.01540395
 0.0056575210000000004
 0.0030566510000000001
 0
 0.00044396000000000003
 0.00187879
 0.0025760840000000002
 0.0050033050000000004
 0.0088428359999999998
 0.0074541590000000001
 0.0086467490000000004
 0.014156686
 0.013124736
 0.012474546
 0.013414986
 0.013064688
 0.012352170000000001
 0.01370626
 0.011822054
 0.011698174
 0.011195128
 0.0099073809999999998
 0.0069698420000000004
 0.0060429029999999996
 0.0058337199999999997
 0.0057670739999999996
 0.0053312799999999999
 0.0036470209999999999
 0.0045015489999999997
 0.0045674219999999998
 0.002680712
 0.0021168900000000002
 0
 0.00098253899999999994
 0.00016115199999999999
 0
 0.00077001599999999999
 0.00076421200000000001
 0.00094920699999999998
 0.00038390899999999999
 0
 0
 0
 0
 0
 0
 0
 0
 0
 0
 0


# name: Cex4
# type: matrix
# rows: 43
# columns: 1
 0.29165280799999999
 0.27528373499999997
 0.23601518499999999
 0.19750336700000001
 0.16879021399999999
 0.139043536
 0.12949407800000001
 0.123642893
 0.12126516900000001
 0.14096897999999999
 0.15879854099999999
 0.18430946200000001
 0.20559949599999999
 0.23220158699999999
 0.25612692399999998
 0.26694512999999997
 0.28131709500000002
 0.271515756
 0.244111465
 0.21853478300000001
 0.17973592199999999
 0.15293156599999999
 0.113094637
 0.079776449999999999
 0.044248986999999997
 0.026068307999999998
 0.0077527810000000003
 0
 0
 0
 0
 0
 0
 0
 0
 0
 0
 0
 0
 0
 0
 0
 0


# name: Cem4
# type: matrix
# rows: 63
# columns: 1
 0
 0
 0
 0
 0
 0
 0.0091451290000000001
 0.019547314
 0.034984965999999999
 0.047000624999999997
 0.050495279999999997
 0.100267121
 0.108071588
 0.13888138799999999
 0.16365360700000001
 0.18008766300000001
 0.210210866
 0.23246962700000001
 0.232685952
 0.240670623
 0.25307454299999999
 0.247468354
 0.246856345
 0.26143285999999999
 0.25129326299999999
 0.247174544
 0.230474027
 0.216010005
 0.20361085500000001
 0.19112316100000001
 0.176608879
 0.155778686
 0.145831924
 0.12424341699999999
 0.103984117
 0.089934550000000002
 0.072379207000000001
 0.058795152000000003
 0.050827525999999998
 0.040595895
 0.034167488000000003
 0.025151283
 0.01876678
 0.014156034
 0.0082694159999999999
 0.0053116109999999999
 0.0014867770000000001
 0
 0
 0
 0
 0
 0
 0
 0
 0
 0
 0
 0
 0
 0
 0
 0


# name: Cex5
# type: matrix
# rows: 43
# columns: 1
 0.0043592140000000001
 0
 0.024683013
 0.15563529600000001
 0.30357848799999998
 0.47625956699999999
 0.63539407299999995
 0.502434771
 0
 0
 0
 0
 0
 0
 0
 0
 0
 0
 0
 0
 0
 0
 0
 0
 0
 0
 0
 5.8047699999999999e-07
 0
 3.16793e-05
 0
 0
 0
 0
 0
 0
 0
 0
 0
 0
 0
 0
 0


