# Created by Octave 7.3.0, Mon Oct 16 03:12:49 2023 UTC <jovyan@224710f94f77>
# name: C
# type: scalar
8


# name: Cex
# type: matrix
# rows: 41
# columns: 1
 250
 255
 260
 265
 270
 275
 280
 285
 290
 295
 300
 305
 310
 315
 320
 325
 330
 335
 340
 345
 350
 355
 360
 365
 370
 375
 380
 385
 390
 395
 400
 405
 410
 415
 420
 425
 430
 435
 440
 445
 450


# name: Cem
# type: matrix
# rows: 76
# columns: 1
 300
 304
 308
 312
 316
 320
 324
 328
 332
 336
 340
 344
 348
 352
 356
 360
 364
 368
 372
 376
 380
 384
 388
 392
 396
 400
 404
 408
 412
 416
 420
 424
 428
 432
 436
 440
 444
 448
 452
 456
 460
 464
 468
 472
 476
 480
 484
 488
 492
 496
 500
 504
 508
 512
 516
 520
 524
 528
 532
 536
 540
 544
 548
 552
 556
 560
 564
 568
 572
 576
 580
 584
 588
 592
 596
 600


# name: Cex1
# type: matrix
# rows: 41
# columns: 1
 0.48449999999999999
 0.43180000000000002
 0.40200000000000002
 0.33710000000000001
 0.29149999999999998
 0.24510000000000001
 0.20150000000000001
 0.16600000000000001
 0.1361
 0.1169
 0.099000000000000005
 0.089200000000000002
 0.085400000000000004
 0.080299999999999996
 0.077100000000000002
 0.072599999999999998
 0.065199999999999994
 0.058200000000000002
 0.050599999999999999
 0.043499999999999997
 0.035900000000000001
 0.030200000000000001
 0.0241
 0.019
 0.012500000000000001
 0.0063
 0.0030999999999999999
 0.00029999999999999997
 0
 0
 0
 0
 0
 0
 0
 0
 0
 0
 0
 0
 0


# name: Cem1
# type: matrix
# rows: 76
# columns: 1
 0
 0.001
 0.0018
 0.0030000000000000001
 0.0040000000000000001
 0.0028
 0.0020999999999999999
 0.0019
 0.0030000000000000001
 0.0030999999999999999
 0.0047999999999999996
 0.0067000000000000002
 0.0080000000000000002
 0.0101
 0.0114
 0.014
 0.0183
 0.023900000000000001
 0.030599999999999999
 0.035900000000000001
 0.042200000000000001
 0.050900000000000001
 0.057500000000000002
 0.067599999999999993
 0.080000000000000002
 0.088999999999999996
 0.098699999999999996
 0.107
 0.1183
 0.1285
 0.1431
 0.1537
 0.16300000000000001
 0.17050000000000001
 0.17599999999999999
 0.1807
 0.18129999999999999
 0.1867
 0.1847
 0.18490000000000001
 0.1812
 0.18210000000000001
 0.18360000000000001
 0.1817
 0.18640000000000001
 0.18529999999999999
 0.1822
 0.1777
 0.17519999999999999
 0.17219999999999999
 0.1676
 0.16569999999999999
 0.15820000000000001
 0.14990000000000001
 0.14649999999999999
 0.14130000000000001
 0.1351
 0.129
 0.12230000000000001
 0.114
 0.1075
 0.099900000000000003
 0.097100000000000006
 0.0911
 0.086400000000000005
 0.082100000000000006
 0.0746
 0.068900000000000003
 0.063
 0.060299999999999999
 0.055199999999999999
 0.052400000000000002
 0.048000000000000001
 0.043799999999999999
 0.040800000000000003
 0.036600000000000001


# name: Cex2
# type: matrix
# rows: 41
# columns: 1
 0.34389999999999998
 0.32419999999999999
 0.317
 0.2802
 0.26379999999999998
 0.23880000000000001
 0.22059999999999999
 0.2016
 0.18260000000000001
 0.16700000000000001
 0.14829999999999999
 0.13120000000000001
 0.1181
 0.1042
 0.092100000000000001
 0.085000000000000006
 0.080600000000000005
 0.081900000000000001
 0.083799999999999999
 0.088400000000000006
 0.092499999999999999
 0.099400000000000002
 0.1074
 0.1072
 0.1164
 0.12570000000000001
 0.1265
 0.1283
 0.12479999999999999
 0.1187
 0.1128
 0.10780000000000001
 0.1007
 0.095699999999999993
 0.093600000000000003
 0.084500000000000006
 0.074899999999999994
 0.068000000000000005
 0.062300000000000001
 0.057000000000000002
 0.053100000000000001


# name: Cem2
# type: matrix
# rows: 76
# columns: 1
 0.00020000000000000001
 0
 0
 0
 0
 0
 0
 0
 0
 0
 0
 0
 0
 0
 0
 0
 0
 0
 0.00069999999999999999
 0.0015
 0
 0.0001
 0
 0
 0
 0
 0
 0
 0
 0
 0.0015
 0.0092999999999999992
 0.0177
 0.028400000000000002
 0.043900000000000002
 0.060699999999999997
 0.074099999999999999
 0.090800000000000006
 0.1026
 0.1186
 0.13059999999999999
 0.14399999999999999
 0.1573
 0.16880000000000001
 0.182
 0.19189999999999999
 0.1991
 0.2044
 0.20910000000000001
 0.21049999999999999
 0.215
 0.21870000000000001
 0.21579999999999999
 0.2107
 0.20710000000000001
 0.2041
 0.19950000000000001
 0.19289999999999999
 0.1857
 0.1749
 0.16600000000000001
 0.15659999999999999
 0.15390000000000001
 0.1447
 0.1386
 0.1323
 0.12039999999999999
 0.1118
 0.1022
 0.096699999999999994
 0.089099999999999999
 0.082500000000000004
 0.075600000000000001
 0.068699999999999997
 0.062799999999999995
 0.059200000000000003


# name: Cex3
# type: matrix
# rows: 41
# columns: 1
 0.54239999999999999
 0.441
 0.35570000000000002
 0.252
 0.18479999999999999
 0.14749999999999999
 0.13500000000000001
 0.13869999999999999
 0.14979999999999999
 0.16500000000000001
 0.17130000000000001
 0.1744
 0.17199999999999999
 0.16039999999999999
 0.1409
 0.12139999999999999
 0.1038
 0.088200000000000001
 0.069900000000000004
 0.053800000000000001
 0.038899999999999997
 0.024
 0.0123
 0.0040000000000000001
 0
 0
 0
 0
 0
 0
 0
 0
 0
 0
 0
 0
 0
 0
 0
 0
 0


# name: Cem3
# type: matrix
# rows: 76
# columns: 1
 0.0033999999999999998
 0.0027000000000000001
 0.0028999999999999998
 0.0020999999999999999
 0.0028
 0.0064999999999999997
 0.0089999999999999993
 0.0115
 0.0132
 0.016400000000000001
 0.020299999999999999
 0.025700000000000001
 0.0349
 0.047
 0.062300000000000001
 0.077200000000000005
 0.095399999999999999
 0.1162
 0.13600000000000001
 0.1547
 0.16830000000000001
 0.183
 0.20039999999999999
 0.2145
 0.2288
 0.24110000000000001
 0.2409
 0.2472
 0.24929999999999999
 0.24610000000000001
 0.24399999999999999
 0.2366
 0.2281
 0.2155
 0.2001
 0.18310000000000001
 0.16930000000000001
 0.15440000000000001
 0.1363
 0.12230000000000001
 0.105
 0.091899999999999996
 0.082799999999999999
 0.073200000000000001
 0.063
 0.056000000000000001
 0.0482
 0.039699999999999999
 0.032500000000000001
 0.0264
 0.023199999999999998
 0.0189
 0.0152
 0.013899999999999999
 0.0076
 0.0061000000000000004
 0.0044999999999999997
 0.0045999999999999999
 0.0032000000000000002
 0.0011000000000000001
 0.00029999999999999997
 0
 0
 0
 0
 0
 0
 0
 0
 0
 0
 0
 0
 0
 0
 0.00029999999999999997


# name: Cex4
# type: matrix
# rows: 41
# columns: 1
 0.38369999999999999
 0.35339999999999999
 0.33090000000000003
 0.2747
 0.22850000000000001
 0.17960000000000001
 0.13900000000000001
 0.1071
 0.082600000000000007
 0.065600000000000006
 0.056800000000000003
 0.053199999999999997
 0.058900000000000001
 0.064399999999999999
 0.074200000000000002
 0.088700000000000001
 0.1047
 0.1265
 0.15129999999999999
 0.1754
 0.18740000000000001
 0.2001
 0.2079
 0.19639999999999999
 0.19420000000000001
 0.19189999999999999
 0.1696
 0.14230000000000001
 0.11550000000000001
 0.088499999999999995
 0.064600000000000005
 0.045100000000000001
 0.0293
 0.013599999999999999
 0
 0
 0
 0
 0
 0
 0


# name: Cem4
# type: matrix
# rows: 76
# columns: 1
 0
 0
 0
 0
 0
 0
 0
 0
 0
 0
 0
 0
 0
 0
 0
 0
 0
 0
 0
 0.0041999999999999997
 0.015299999999999999
 0.0253
 0.033599999999999998
 0.048000000000000001
 0.066400000000000001
 0.088599999999999998
 0.1114
 0.13420000000000001
 0.1583
 0.18329999999999999
 0.2069
 0.22389999999999999
 0.2407
 0.25159999999999999
 0.25640000000000002
 0.25669999999999998
 0.25580000000000003
 0.253
 0.24060000000000001
 0.23130000000000001
 0.21410000000000001
 0.2024
 0.19409999999999999
 0.18090000000000001
 0.17219999999999999
 0.16
 0.14580000000000001
 0.13020000000000001
 0.1174
 0.1038
 0.093600000000000003
 0.081900000000000001
 0.070999999999999994
 0.060499999999999998
 0.050799999999999998
 0.043700000000000003
 0.036299999999999999
 0.030800000000000001
 0.0252
 0.019699999999999999
 0.0149
 0.0115
 0.0083999999999999995
 0.0063
 0.0041999999999999997
 0.002
 0.00040000000000000002
 0
 0
 0
 0
 0
 0
 0
 0
 0


