# Created by Octave 7.3.0, Sat Sep 30 03:45:43 2023 UTC <jovyan@224710f94f77>
# name: C
# type: scalar
5


# name: Cex
# type: matrix
# rows: 83
# columns: 1
 252
 255
 258
 261
 264
 267
 270
 273
 276
 279
 282
 285
 288
 291
 294
 297
 300
 303
 306
 309
 312
 315
 318
 321
 324
 327
 330
 333
 336
 339
 342
 345
 348
 351
 354
 357
 360
 363
 366
 369
 372
 375
 378
 381
 384
 387
 390
 393
 396
 399
 402
 405
 408
 411
 414
 417
 420
 423
 426
 429
 432
 435
 438
 441
 444
 447
 450
 453
 456
 459
 462
 465
 468
 471
 474
 477
 480
 483
 486
 489
 492
 495
 498


# name: Cem
# type: matrix
# rows: 129
# columns: 1
 241
 243
 245
 247
 249
 251
 253
 255
 257
 259
 261
 263
 265
 267
 269
 271
 273
 275
 277
 279
 281
 283
 285
 287
 289
 291
 293
 295
 297
 299
 301
 303
 305
 307
 309
 311
 313
 315
 317
 319
 321
 323
 325
 327
 329
 331
 333
 335
 337
 339
 341
 343
 345
 347
 349
 351
 353
 355
 357
 359
 361
 363
 365
 367
 369
 371
 373
 375
 377
 379
 381
 383
 385
 387
 389
 391
 393
 395
 397
 399
 401
 403
 405
 407
 409
 411
 413
 415
 417
 419
 421
 423
 425
 427
 429
 431
 433
 435
 437
 439
 441
 443
 445
 447
 449
 451
 453
 455
 457
 459
 461
 463
 465
 467
 469
 471
 473
 475
 477
 479
 481
 483
 485
 487
 489
 491
 493
 495
 497


# name: Cex1
# type: matrix
# rows: 83
# columns: 1
 0.28347675999999999
 0.26609654999999999
 0.24841553
 0.22909741
 0.20962278000000001
 0.19151808000000001
 0.17565006999999999
 0.16197228999999999
 0.15145080999999999
 0.14304099000000001
 0.13806115999999999
 0.13433302
 0.1314573
 0.13024442
 0.13036389000000001
 0.13170454000000001
 0.13414440999999999
 0.13577123999999999
 0.13871537
 0.14135728
 0.14403119
 0.14579963000000001
 0.14813617000000001
 0.14775269999999999
 0.14974551999999999
 0.14938114
 0.14984623999999999
 0.15118787
 0.14971691000000001
 0.14820558
 0.14419382
 0.13935426000000001
 0.13380006
 0.12768128000000001
 0.12045153
 0.11169435
 0.10396838999999999
 0.095027780000000006
 0.086542350000000004
 0.078750840000000003
 0.071511909999999998
 0.062721490000000005
 0.05263586
 0.043138429999999998
 0.035416469999999999
 0.028816540000000002
 0.023588970000000001
 0.018492850000000002
 0.014159339999999999
 0.01078162
 0.0070069900000000003
 0.0040616100000000002
 0.00151403
 0
 0
 0
 0
 0
 0
 0
 0
 0
 0
 0
 0
 0
 0
 0
 0
 0
 0
 0
 0
 0
 0
 0
 0
 0
 0
 0
 0
 0
 0


# name: Cem1
# type: matrix
# rows: 129
# columns: 1
 0
 0
 0
 0
 0
 0
 0
 0
 0
 0
 0
 0
 0
 0
 0
 0
 0
 0
 0
 0
 0
 0
 0
 0
 0
 0
 0
 0
 0
 0
 4.0000000000000001e-08
 0
 0
 4.4399999999999998e-06
 0
 0.00033960000000000001
 0.0016756399999999999
 0.00208201
 0.0024456399999999998
 0.0018654500000000001
 0.00057350999999999995
 0.00083469999999999996
 0.0023574899999999998
 0.0018356500000000001
 0.0044838400000000002
 0.00048362999999999998
 0.00081716999999999998
 0
 1.0720000000000001e-05
 1.44e-06
 0
 1.8e-07
 0
 0
 0
 0
 0
 0
 0
 2.8000000000000002e-07
 0
 2.9299999999999999e-06
 1.118e-05
 0
 0.00198168
 0.0052651499999999997
 0.0078644500000000003
 0.01149449
 0.016216359999999999
 0.022086809999999998
 0.026226960000000001
 0.031513350000000002
 0.037920990000000002
 0.042937719999999999
 0.05018007
 0.056235019999999997
 0.062906190000000001
 0.069225549999999997
 0.075744190000000003
 0.083163260000000003
 0.08915112
 0.095403130000000003
 0.10093518
 0.10613179
 0.11159655
 0.11623221
 0.12075364
 0.12518533000000001
 0.12907571000000001
 0.13270301000000001
 0.13645889999999999
 0.13975214
 0.14228700999999999
 0.14490894000000001
 0.14657286999999999
 0.14892496999999999
 0.15067596
 0.15231244999999999
 0.15287646999999999
 0.1533195
 0.15334262000000001
 0.15273442000000001
 0.15215327000000001
 0.15071481
 0.14879665
 0.14741344000000001
 0.14555794999999999
 0.14359482000000001
 0.14176633
 0.13857091999999999
 0.13530334999999999
 0.13225033
 0.12884203999999999
 0.12562659000000001
 0.12228071
 0.11923188
 0.11644134
 0.11318955
 0.11068717
 0.10724760999999999
 0.10474732
 0.10240733
 0.099705760000000004
 0.096876219999999999
 0.093949119999999997
 0.090956919999999997
 0.087739919999999999
 0.084653759999999995
 0.081637409999999994


# name: Cex2
# type: matrix
# rows: 83
# columns: 1
 0.29594345999999999
 0.26649689999999998
 0.23862986
 0.21297653999999999
 0.18982457
 0.17091486
 0.15963477000000001
 0.15127921999999999
 0.14536221999999999
 0.14924275000000001
 0.15259975000000001
 0.15510378999999999
 0.15961022999999999
 0.16363338999999999
 0.16862072
 0.1743681
 0.17649918000000001
 0.19210383
 0.19154397000000001
 0.19198448000000001
 0.18967858000000001
 0.18663998000000001
 0.18090403999999999
 0.17697302000000001
 0.16722086999999999
 0.16042933000000001
 0.14953219000000001
 0.13375182999999999
 0.12238722
 0.10608197
 0.092168899999999998
 0.082093230000000003
 0.067178570000000007
 0.056955359999999997
 0.044962420000000003
 0.031798880000000002
 0.023564430000000001
 0.01521814
 0.01031173
 0.0084003499999999991
 0.0030096400000000001
 0
 0
 0
 0
 0
 0
 0
 0
 0
 0
 0.0017546300000000001
 0.00092261000000000003
 0
 0
 0
 0
 0
 0
 0
 0
 0
 0
 0
 0
 0
 0
 0
 0
 0
 0
 0
 0
 0
 0
 0
 0
 0
 0
 0
 0
 0
 0


# name: Cem2
# type: matrix
# rows: 129
# columns: 1
 0
 0
 0
 0
 0
 0
 2.9999999999999999e-07
 0
 0
 3.8170000000000002e-05
 7.3479999999999994e-05
 0
 0.00023465000000000001
 0.00032863
 0.00042842999999999999
 0.00014452000000000001
 9.2059999999999996e-05
 0
 2.8700000000000001e-06
 0
 0
 2e-08
 1e-08
 0
 0
 1.4500000000000001e-06
 0
 2.3589999999999999e-05
 4.8140000000000003e-05
 0.0025351200000000001
 0.0054878100000000001
 0.0057880400000000004
 0.0082224399999999993
 0.0069257900000000002
 0.0086407399999999992
 0.0070200100000000001
 0.0059837600000000003
 0.0044737199999999996
 0.0057789499999999997
 0.0068451500000000004
 0.0085535400000000001
 0.0086824299999999997
 0.0066776200000000004
 0.010558150000000001
 0.0076796900000000003
 0.017131819999999999
 0.018771119999999999
 0.023013780000000001
 0.024772530000000001
 0.029707109999999998
 0.03456526
 0.039807429999999998
 0.045225069999999999
 0.052320199999999997
 0.058689230000000002
 0.067303550000000004
 0.074766700000000005
 0.083441409999999994
 0.094293970000000005
 0.10291633
 0.11404255000000001
 0.12385728
 0.13375218999999999
 0.14416201000000001
 0.15160024
 0.15693225999999999
 0.16550106000000001
 0.17290354999999999
 0.17712384
 0.17795548
 0.18418295000000001
 0.18799783
 0.18728511
 0.1893214
 0.18505089
 0.18171702000000001
 0.18014743
 0.17731659999999999
 0.17337479
 0.16302263
 0.15903185
 0.15236215
 0.14769594999999999
 0.14211082
 0.13409077999999999
 0.12586903999999999
 0.11940278999999999
 0.11023553
 0.10348818999999999
 0.093310509999999999
 0.085664809999999994
 0.07876582
 0.070758799999999997
 0.061908589999999999
 0.05442429
 0.048684289999999998
 0.042242469999999997
 0.037397649999999998
 0.032821000000000003
 0.027974550000000001
 0.023429930000000002
 0.01906762
 0.01568106
 0.01178363
 0.0081729100000000002
 0.00594905
 0.00360918
 0.00174128
 0
 2.862e-05
 0
 1.37e-06
 0
 0
 1e-08
 0
 0
 4.0000000000000001e-08
 3.2000000000000001e-07
 0
 1.8770000000000002e-05
 0
 0.00070797999999999998
 0.0012275400000000001
 0.0019178800000000001
 0.00270777
 0.0028668000000000001
 0.0038163699999999999
 0.0024057699999999998


