# Created by Octave 7.3.0, Sun Sep 17 19:30:01 2023 UTC <jovyan@224710f94f77>
# name: C
# type: scalar
5


# name: Cex
# type: matrix
# rows: 117
# columns: 1
 251
 254
 257
 260
 263
 266
 269
 272
 275
 278
 281
 284
 287
 290
 293
 296
 299
 302
 305
 308
 311
 314
 317
 320
 323
 326
 329
 332
 335
 338
 341
 344
 347
 350
 353
 356
 359
 362
 365
 368
 371
 374
 377
 380
 383
 386
 389
 392
 395
 398
 401
 404
 407
 410
 413
 416
 419
 422
 425
 428
 431
 434
 437
 440
 443
 446
 449
 452
 455
 458
 461
 464
 467
 470
 473
 476
 479
 482
 485
 488
 491
 494
 497
 500
 503
 506
 509
 512
 515
 518
 521
 524
 527
 530
 533
 536
 539
 542
 545
 548
 551
 554
 557
 560
 563
 566
 569
 572
 575
 578
 581
 584
 587
 590
 593
 596
 599


# name: Cem
# type: matrix
# rows: 118
# columns: 1
 249
 252
 255
 258
 261
 264
 267
 270
 273
 276
 279
 282
 285
 288
 291
 294
 297
 300
 303
 306
 309
 312
 315
 318
 321
 324
 327
 330
 333
 336
 339
 342
 345
 348
 351
 354
 357
 360
 363
 366
 369
 372
 375
 378
 381
 384
 387
 390
 393
 396
 399
 402
 405
 408
 411
 414
 417
 420
 423
 426
 429
 432
 435
 438
 441
 444
 447
 450
 453
 456
 459
 462
 465
 468
 471
 474
 477
 480
 483
 486
 489
 492
 495
 498
 501
 504
 507
 510
 513
 516
 519
 522
 525
 528
 531
 534
 537
 540
 543
 546
 549
 552
 555
 558
 561
 564
 567
 570
 573
 576
 579
 582
 585
 588
 591
 594
 597
 600


# name: Cex1
# type: matrix
# rows: 117
# columns: 1
 0.98135568547067997
 0.99735266815036006
 1
 0.98900880459257001
 0.96485613790677005
 0.92451800962156006
 0.87627110310623002
 0.82028926100982003
 0.75556615693494
 0.70065326819770002
 0.65493320144764
 0.61921001964958
 0.59560960005478003
 0.57848767060206996
 0.57047200755927996
 0.57031013287282994
 0.57708436267555996
 0.59009369673788004
 0.61011880983427003
 0.63212967681735999
 0.65503089346693999
 0.67793673738763005
 0.69894016849294005
 0.71821240110286
 0.73586491232746998
 0.75121852222874996
 0.76440265235511995
 0.77484544795233001
 0.78136465957626999
 0.78199113833925005
 0.77684963908821003
 0.76769007034914005
 0.75385092506156004
 0.73810618893761004
 0.72127733035526997
 0.70341452304107999
 0.68329250787004003
 0.66263332745656001
 0.64141554119389999
 0.61864835574568999
 0.59496803847512003
 0.56995734841107004
 0.54208786683288002
 0.51384447826061996
 0.48423003572459999
 0.45574280857667998
 0.41413832444856002
 0.37304794273415998
 0.33389663385709001
 0.29733162192269003
 0.26388202594458998
 0.23227877639262001
 0.20191158157402
 0.17407775980189
 0.14803222743003999
 0.12471810744067
 0.10436494635267
 0.086828222181929995
 0.070814015394019006
 0.056241022881424997
 0.042725682623172001
 0.030452604790365
 0.019618537621278999
 0.010132270896682999
 0.001481706731353
 0
 0
 0
 0
 0
 0
 0
 3.9028300710639998e-18
 0
 0
 0
 0
 0
 0
 0
 3.9028300710639998e-18
 3.9028300710639998e-18
 0
 0
 0
 0
 0
 0
 0
 0
 0
 0
 0
 0
 0
 0
 0
 0
 0
 0
 0
 0
 0
 0
 0
 0
 0
 0
 0
 2.4392687944100001e-19
 0
 0
 0
 0
 0
 0
 6.0981719860000006e-20


# name: Cem1
# type: matrix
# rows: 118
# columns: 1
 0
 0
 0
 3.3459843517000001e-19
 3.6692861445799998e-19
 0
 0
 0
 0
 0
 0
 0
 0
 0
 0
 0
 0
 0
 0
 0
 0
 0
 0
 0
 0
 0
 0.00010534299052115
 0.0027012494916710999
 0.0031647145331298002
 1.062434513437e-18
 1.3076388213460001e-18
 1.254515181901e-18
 1.284419263622e-18
 1.151178062027e-18
 1.40109415919e-19
 1.1274908050900001e-19
 9.6753709974999999e-20
 1.00801517912e-19
 8.4282133520999999e-20
 7.2423803663999995e-20
 6.4891737916999996e-20
 5.3368692103470003e-18
 5.9723226210000002e-21
 0
 0.0037199460782985998
 0.022245237060466001
 0.047173694646015001
 0.075352298409784996
 0.10713151844434
 0.14247203136431
 0.18222684649247001
 0.22491783659858
 0.27013816764807003
 0.32092413523053998
 0.37249640440094001
 0.42765909045197997
 0.48253534281688998
 0.53633991159393002
 0.58920814179856995
 0.64504498574590996
 0.69728097116896004
 0.74754698035097999
 0.80066502575688003
 0.84509394554091
 0.88304148994042997
 0.91490605192951002
 0.94215101408846003
 0.96280358959805001
 0.97759702256356995
 0.99150647440193995
 0.99790620078662995
 1
 0.99464908102067995
 0.98589240786554999
 0.97479262250589005
 0.96375634455519998
 0.94677347906213005
 0.92853662847434004
 0.91166646184837996
 0.89364598503981996
 0.87215673324547005
 0.84884735571648995
 0.82402502679256995
 0.79513190356578001
 0.76898580103080005
 0.74257991132043
 0.70940614690377002
 0.67986999930484004
 0.64918570156633004
 0.62268216743619997
 0.59357589121653997
 0.56757694431670003
 0.54081484260888002
 0.51557120323358996
 0.49153487062859003
 0.47005501101823
 0.44985456880316999
 0.43043430272749
 0.41181065515301002
 0.39383662945565001
 0.37588707295788998
 0.35770343045879999
 0.33941096688542999
 0.32136183338291002
 0.30361157208273998
 0.28789776052774002
 0.27331498716432001
 0.25933655252359999
 0.24490455410267001
 0.23195463561991
 0.21942663278326999
 0.20757746337946001
 0.19522122849547
 0.18413480649819
 0.17205952412181999
 0.16391506624058999
 0.15403614412816999
 0.14394125135648


# name: Cex2
# type: matrix
# rows: 117
# columns: 1
 1
 0.96051643211348003
 0.90505472378345997
 0.83651207367761005
 0.77254490329522996
 0.71319076007592996
 0.66487461205273002
 0.63542570532179998
 0.61852759714812
 0.62552808132824
 0.64731388038137005
 0.68148138302594996
 0.72500133975702996
 0.77062077081247005
 0.81457530528418998
 0.85558809142272996
 0.89336322758702003
 0.92544060775629
 0.94748957437375003
 0.95571615216453998
 0.95144193145444
 0.93606140388087999
 0.91267905100806002
 0.88182581562186002
 0.84532487121404998
 0.80608658504741004
 0.76324538372880002
 0.71817049735830996
 0.67048963286457997
 0.62014750298248
 0.56684964220668999
 0.51171394071744003
 0.45583811340440999
 0.39923785850874999
 0.34413048863251
 0.29126007317434999
 0.24083943160528001
 0.19577842638132001
 0.15561700933216999
 0.12050238513095
 0.089204152997525002
 0.062278152269526002
 0.039324689767765
 0.021355725130942999
 0.0057879532071437997
 1.0481112474869999e-18
 2.2578764068230001e-18
 3.4424934077100002e-19
 4.6831107807889999e-18
 4.782808307857e-18
 0
 0
 0
 0
 0
 0
 4.0455346729100003e-18
 0
 0
 0
 2.0052221003859999e-18
 0
 0
 0
 0.0014788326497043999
 0.0003131952135024
 0
 0
 0
 0
 0
 0
 0
 5.24055623743e-19
 0
 5.24055623743e-19
 0
 0
 0
 0
 0
 0
 0
 0
 0
 0
 0
 0
 0
 1.3101390593600001e-19
 0
 0
 0
 0
 0
 0
 0
 0
 0
 0
 0
 0
 0
 0
 0
 0
 0
 0
 0
 6.4284003164130004e-07
 5.2453597939291002e-06
 7.4434059841389001e-06
 8.2432469407196008e-06
 8.4282142250100995e-06
 8.1709698084220993e-06
 7.6761379045290004e-06
 7.1759033783986996e-06


