# Created by Octave 7.3.0, Sat Sep 30 03:41:11 2023 UTC <jovyan@224710f94f77>
# name: C
# type: scalar
5


# name: Cex
# type: matrix
# rows: 68
# columns: 1
 249
 252
 255
 258
 261
 264
 267
 270
 273
 276
 279
 282
 285
 288
 291
 294
 297
 300
 303
 306
 309
 312
 315
 318
 321
 324
 327
 330
 333
 336
 339
 342
 345
 348
 351
 354
 357
 360
 363
 366
 369
 372
 375
 378
 381
 384
 387
 390
 393
 396
 399
 402
 405
 408
 411
 414
 417
 420
 423
 426
 429
 432
 435
 438
 441
 444
 447
 450


# name: Cem
# type: matrix
# rows: 67
# columns: 1
 313
 318
 323
 328
 333
 338
 343
 348
 353
 358
 363
 368
 373
 378
 383
 388
 393
 398
 403
 408
 413
 418
 423
 428
 433
 438
 443
 448
 453
 458
 463
 468
 473
 478
 483
 488
 493
 498
 503
 508
 513
 518
 523
 528
 533
 538
 543
 548
 553
 558
 563
 568
 573
 578
 583
 588
 593
 598
 603
 608
 613
 618
 623
 628
 633
 638
 643


# name: Cex1
# type: matrix
# rows: 68
# columns: 1
 0.23439742
 0.23155635999999999
 0.22764387999999999
 0.22330597999999999
 0.21486185999999999
 0.20471520000000001
 0.19259281
 0.17896871
 0.16406947
 0.15072235
 0.13821025000000001
 0.12761375
 0.11936974
 0.11348931
 0.10889632
 0.10502435
 0.10344849
 0.10347526
 0.10580209
 0.10912929
 0.1131294
 0.11799788999999999
 0.12291228
 0.12796974
 0.13269564
 0.13683022
 0.14063126000000001
 0.14362253999999999
 0.14665375
 0.14873047
 0.14948850999999999
 0.14949559000000001
 0.14863151999999999
 0.14684412999999999
 0.14468395000000001
 0.14149086999999999
 0.13799844
 0.1334554
 0.12805135000000001
 0.12149264999999999
 0.11496522000000001
 0.10767922000000001
 0.1009521
 0.094906649999999995
 0.088083120000000001
 0.078649490000000002
 0.069704070000000007
 0.061708539999999999
 0.053629650000000001
 0.046632979999999997
 0.040805939999999999
 0.034432119999999997
 0.029453839999999998
 0.025021100000000001
 0.020697130000000001
 0.01709985
 0.013703379999999999
 0.010364480000000001
 0.0077070999999999997
 0.0048130200000000003
 0.00223346
 0
 0
 0
 0
 0
 0
 0


# name: Cem1
# type: matrix
# rows: 67
# columns: 1
 0.00062264000000000004
 0.00033246000000000003
 8.2949999999999997e-05
 0
 2.5000000000000002e-06
 0
 1.08e-06
 0
 0
 3.7049999999999999e-05
 0
 7.2150000000000005e-05
 0
 0.0027253500000000001
 0.01787803
 0.035463519999999998
 0.056115320000000003
 0.0768456
 0.099001290000000006
 0.12203724000000001
 0.15017902
 0.17964600999999999
 0.20714961000000001
 0.23113281999999999
 0.24417261000000001
 0.25872222
 0.26367058999999998
 0.26412868
 0.26196506000000003
 0.25595235
 0.24457766
 0.23325708000000001
 0.21683380999999999
 0.19900081999999999
 0.18203858000000001
 0.16179342999999999
 0.14427477999999999
 0.12498419
 0.10944213
 0.096169959999999999
 0.08272939
 0.072112410000000002
 0.061744220000000002
 0.053070850000000003
 0.046129660000000003
 0.038894560000000002
 0.031280669999999997
 0.026388950000000001
 0.022534970000000001
 0.018176169999999998
 0.01467776
 0.011789279999999999
 0.0090254600000000008
 0.0070693700000000002
 0.0057470000000000004
 0.0037721899999999999
 0.00280219
 0.0011127000000000001
 0.00041963999999999999
 0.00010297
 0.00086260999999999998
 3.0910000000000001e-05
 3.7299999999999999e-06
 0
 1.4899999999999999e-06
 0
 4.8999999999999997e-07


# name: Cex2
# type: matrix
# rows: 68
# columns: 1
 0.28149911999999999
 0.27836022999999999
 0.27389849999999999
 0.26657340000000002
 0.25854079000000002
 0.24650960999999999
 0.23203877000000001
 0.21538112000000001
 0.20020441999999999
 0.18431781999999999
 0.17273436
 0.16440998000000001
 0.15993943999999999
 0.15709533000000001
 0.15586774
 0.15445455
 0.1529488
 0.15155347
 0.14965345999999999
 0.14633030999999999
 0.14256250000000001
 0.13716587
 0.13029567
 0.12196762
 0.1131675
 0.10515909
 0.097267019999999996
 0.090332170000000003
 0.083057829999999999
 0.077626109999999998
 0.072259249999999997
 0.066900970000000004
 0.06141493
 0.054784279999999998
 0.048227920000000001
 0.04202856
 0.036039920000000003
 0.031311449999999998
 0.025937180000000001
 0.021134859999999998
 0.01594723
 0.01203985
 0.0084108299999999993
 0.00368813
 0
 0
 0
 0
 0
 0
 0
 0
 0
 0
 0
 0
 0
 0
 0
 0
 0
 0
 0
 0
 0
 0
 0
 0


# name: Cem2
# type: matrix
# rows: 67
# columns: 1
 0
 7.5370000000000005e-05
 0.00037136
 0
 0.0025446800000000001
 0.0097890300000000006
 0.012523609999999999
 0.01691167
 0.02584088
 0.036460979999999997
 0.050565850000000002
 0.069945809999999997
 0.094692100000000001
 0.11949016
 0.13870315
 0.16252647000000001
 0.17818075999999999
 0.18630936000000001
 0.19483971999999999
 0.21025358
 0.21863451
 0.2226986
 0.22624770999999999
 0.22210761000000001
 0.21523386
 0.21176735999999999
 0.20890370999999999
 0.20037284999999999
 0.18982321999999999
 0.18201692999999999
 0.17622033000000001
 0.16624725000000001
 0.15666426
 0.14916879
 0.13741996000000001
 0.13220161
 0.12269083
 0.11620693
 0.10829538
 0.10122457
 0.095973530000000001
 0.091054270000000007
 0.085393510000000006
 0.077605590000000002
 0.073385389999999995
 0.07015014
 0.067421629999999996
 0.063579529999999995
 0.057011869999999999
 0.0543475
 0.05095951
 0.045387650000000002
 0.04347123
 0.042019399999999998
 0.038041680000000001
 0.036045809999999998
 0.033372739999999998
 0.028971630000000002
 0.027061450000000001
 0.025143349999999998
 0.02078853
 0.023584689999999998
 0.019808679999999999
 0.018082910000000001
 0.018359569999999999
 0.016740250000000002
 0.015954429999999999


# name: Cex3
# type: matrix
# rows: 68
# columns: 1
 0.19883318999999999
 0.20026385999999999
 0.20182215000000001
 0.20209985999999999
 0.20425746
 0.20692664
 0.20699894999999999
 0.20531944999999999
 0.20065403000000001
 0.19232685999999999
 0.18189627999999999
 0.17154515000000001
 0.16114819999999999
 0.15132571
 0.14190576999999999
 0.1344427
 0.12682636999999999
 0.12033294999999999
 0.1141221
 0.10950809
 0.10522919
 0.10160049
 0.09917136
 0.097803000000000001
 0.097266240000000004
 0.096900609999999998
 0.097234570000000006
 0.098041000000000003
 0.099158969999999999
 0.099484569999999994
 0.10002564999999999
 0.10039173999999999
 0.10067877
 0.10151759
 0.10243076
 0.10393626
 0.10544315999999999
 0.10642623
 0.10705259
 0.10651453
 0.10537249999999999
 0.10386355999999999
 0.10227947
 0.10138712
 0.10089041999999999
 0.10004072
 0.098809690000000006
 0.097113210000000005
 0.095289360000000004
 0.092882870000000006
 0.090318029999999994
 0.08787731
 0.084756419999999999
 0.081476839999999995
 0.078613169999999996
 0.075596419999999998
 0.072836170000000006
 0.070616230000000002
 0.068042359999999996
 0.065578259999999999
 0.063146610000000006
 0.060479850000000002
 0.056216740000000001
 0.051973800000000001
 0.048093879999999999
 0.04408173
 0.0402618
 0.037083909999999998


# name: Cem3
# type: matrix
# rows: 67
# columns: 1
 0
 4.2e-07
 2.0499999999999999e-06
 0
 9.8400000000000007e-06
 0
 0.00026361000000000001
 0.00034046
 2.423e-05
 0
 2.79e-06
 0
 4.0999999999999999e-07
 0
 4.0000000000000001e-08
 0
 8.9999999999999999e-08
 0
 9.1999999999999998e-07
 0
 1.99e-06
 2.552e-05
 0
 0.0027815600000000002
 0.018160059999999999
 0.03298355
 0.052056110000000003
 0.072119550000000004
 0.089419879999999993
 0.10590577
 0.1239461
 0.14149208999999999
 0.15778945999999999
 0.17618898999999999
 0.1891379
 0.2084965
 0.21918974999999999
 0.22977491
 0.23488463000000001
 0.23584426
 0.23331474999999999
 0.2271862
 0.22173184000000001
 0.2128631
 0.20569831
 0.19975461
 0.19469243
 0.18592615000000001
 0.17646971
 0.16823751000000001
 0.15901580000000001
 0.14946989999999999
 0.14085924
 0.13232237999999999
 0.12244734
 0.11493146999999999
 0.10548030999999999
 0.098378510000000002
 0.090363639999999995
 0.083580379999999996
 0.075582529999999995
 0.072012439999999997
 0.065900929999999996
 0.058887689999999999
 0.055609970000000002
 0.051415780000000001
 0.046991909999999998


