# Created by Octave 7.3.0, Sat Oct 14 01:50:44 2023 UTC <jovyan@224710f94f77>
# name: C
# type: scalar
4


# name: Cex
# type: matrix
# rows: 80
# columns: 1
 261
 264
 267
 270
 273
 276
 279
 282
 285
 288
 291
 294
 297
 300
 303
 306
 309
 312
 315
 318
 321
 324
 327
 330
 333
 336
 339
 342
 345
 348
 351
 354
 357
 360
 363
 366
 369
 372
 375
 378
 381
 384
 387
 390
 393
 396
 399
 402
 405
 408
 411
 414
 417
 420
 423
 426
 429
 432
 435
 438
 441
 444
 447
 450
 453
 456
 459
 462
 465
 468
 471
 474
 477
 480
 483
 486
 489
 492
 495
 498


# name: Cem
# type: matrix
# rows: 106
# columns: 1
 281
 284
 287
 290
 293
 296
 299
 302
 305
 308
 311
 314
 317
 320
 323
 326
 329
 332
 335
 338
 341
 344
 347
 350
 353
 356
 359
 362
 365
 368
 371
 374
 377
 380
 383
 386
 389
 392
 395
 398
 401
 404
 407
 410
 413
 416
 419
 422
 425
 428
 431
 434
 437
 440
 443
 446
 449
 452
 455
 458
 461
 464
 467
 470
 473
 476
 479
 482
 485
 488
 491
 494
 497
 500
 503
 506
 509
 512
 515
 518
 521
 524
 527
 530
 533
 536
 539
 542
 545
 548
 551
 554
 557
 560
 563
 566
 569
 572
 575
 578
 581
 584
 587
 590
 593
 596


# name: Cex1
# type: matrix
# rows: 80
# columns: 1
 0.26972490999999998
 0.23348524000000001
 0.20072003999999999
 0.17509735000000001
 0.15639011999999999
 0.14633217000000001
 0.14073052
 0.14168309000000001
 0.14698837000000001
 0.15608079999999999
 0.16760059999999999
 0.18023944
 0.19206603
 0.20267046
 0.21101808999999999
 0.21701608
 0.22039545999999999
 0.22055294
 0.21716985
 0.21145327999999999
 0.20364243000000001
 0.19386033999999999
 0.18314937000000001
 0.17270885999999999
 0.1603086
 0.14459248
 0.12935226999999999
 0.11457119
 0.10004415
 0.086312730000000004
 0.072945270000000006
 0.0604144
 0.049197860000000003
 0.038732820000000001
 0.029323080000000001
 0.021194259999999999
 0.013973879999999999
 0.0076825499999999998
 0.0028141099999999999
 0
 0
 0
 0
 0
 0
 0
 0
 0
 0
 0
 0
 0
 0
 0
 0
 0
 0
 0
 0
 0
 0
 0
 0
 0
 0
 0
 0
 0
 0
 0
 0
 0
 0
 0
 0
 0
 0
 0
 0
 0


# name: Cem1
# type: matrix
# rows: 106
# columns: 1
 0
 0
 0
 0
 0
 0
 0
 0
 0
 2.9999999999999997e-08
 0
 2.8999999999999998e-07
 0
 2.48e-06
 0
 1.163e-05
 0
 6.6119999999999997e-05
 0.0038945500000000001
 0.0083765599999999999
 0.01279453
 0.01878003
 0.025926009999999999
 0.034198800000000001
 0.042791170000000003
 0.05208836
 0.062851889999999994
 0.073519790000000002
 0.085203959999999995
 0.097493220000000005
 0.11111093
 0.12390745
 0.13659172
 0.14863091
 0.15907695999999999
 0.16841765
 0.17697465000000001
 0.18437497999999999
 0.19043493
 0.19540604
 0.19961861
 0.20290016999999999
 0.20542174999999999
 0.20643086999999999
 0.20632322
 0.20516509999999999
 0.20296457000000001
 0.19991617
 0.19627343999999999
 0.19205209000000001
 0.18740910999999999
 0.18263481000000001
 0.17725407000000001
 0.17127767999999999
 0.16471394
 0.15801182999999999
 0.15108568
 0.14335961999999999
 0.13627167000000001
 0.12945751999999999
 0.1222249
 0.11544873
 0.10893224999999999
 0.10339601
 0.096847429999999998
 0.091853509999999999
 0.086649260000000006
 0.081623609999999999
 0.076557210000000001
 0.071975380000000005
 0.067733570000000007
 0.063335139999999998
 0.05978837
 0.056075460000000001
 0.052812539999999998
 0.049627499999999998
 0.046812329999999999
 0.044265560000000002
 0.041897179999999999
 0.039842299999999997
 0.037920280000000001
 0.036050289999999999
 0.034229669999999997
 0.032093490000000002
 0.03040209
 0.028693799999999998
 0.027410230000000001
 0.026188159999999999
 0.025050320000000001
 0.023908860000000001
 0.022504630000000001
 0.02101252
 0.019680900000000001
 0.018677240000000001
 0.017621689999999999
 0.016878939999999999
 0.016314200000000001
 0.015668930000000001
 0.01474777
 0.01380612
 0.01300815
 0.01218268
 0.01148128
 0.01067599
 0.01019022
 0.0097307799999999996


# name: Cex2
# type: matrix
# rows: 80
# columns: 1
 0.26326650000000001
 0.26039659999999998
 0.25118474000000002
 0.23603244000000001
 0.21679989999999999
 0.19437460000000001
 0.17328736
 0.152534
 0.13372363000000001
 0.11666793
 0.10205798000000001
 0.089736969999999999
 0.081580029999999998
 0.076861869999999999
 0.076199989999999995
 0.078494170000000002
 0.082750820000000003
 0.089173260000000004
 0.097046709999999994
 0.10479326999999999
 0.11223418
 0.11974066999999999
 0.12629919000000001
 0.13133156000000001
 0.13737192000000001
 0.14424195000000001
 0.15036266000000001
 0.15545697
 0.15983008000000001
 0.16245156999999999
 0.16445313
 0.16532417999999999
 0.16479298000000001
 0.16342645
 0.16088512999999999
 0.1568484
 0.15183711
 0.14569960000000001
 0.13840478000000001
 0.12888139000000001
 0.11608163000000001
 0.10409285
 0.092911599999999997
 0.082214350000000005
 0.072411639999999999
 0.063302269999999994
 0.054748049999999999
 0.047014550000000002
 0.040018570000000003
 0.033648409999999997
 0.027913819999999999
 0.023096490000000001
 0.018857309999999999
 0.014909270000000001
 0.01130448
 0.0080650700000000006
 0.0051334600000000003
 0.00236674
 0
 0
 0
 0
 0
 0
 0
 0
 0
 0
 0
 0
 0
 0
 0
 0
 0
 0
 0
 0
 0
 0


# name: Cem2
# type: matrix
# rows: 106
# columns: 1
 0
 1e-08
 1e-08
 0
 6.7000000000000004e-07
 0
 7.8949999999999995e-05
 0.00062076000000000004
 0.00126402
 0.00149209
 0.0015741500000000001
 0.0014448900000000001
 0.00105722
 0.00087566
 0.00061415000000000005
 0.00041670999999999999
 0.00074067999999999996
 0.00147733
 0.00016631999999999999
 0
 2.6599999999999999e-05
 0
 2.8499999999999998e-06
 0
 1.3e-07
 2.8999999999999998e-07
 0
 2.5500000000000001e-06
 0
 3.3100000000000001e-06
 3.3210000000000002e-05
 0
 0.0036185599999999998
 0.010052999999999999
 0.017638689999999999
 0.026742869999999998
 0.036976910000000002
 0.047520420000000001
 0.058380590000000003
 0.070181199999999999
 0.082372130000000002
 0.094123709999999999
 0.10755853
 0.12021054
 0.13216691999999999
 0.14427617000000001
 0.15658354999999999
 0.16802331000000001
 0.17875629000000001
 0.19030467000000001
 0.20231898000000001
 0.21170583000000001
 0.21688288
 0.22092996000000001
 0.22368252
 0.22438864
 0.22357877000000001
 0.22239174
 0.21900269999999999
 0.21370235000000001
 0.20832506000000001
 0.20226316999999999
 0.19479352999999999
 0.18607515999999999
 0.17918104000000001
 0.17082530000000001
 0.16229666000000001
 0.15394018000000001
 0.14541994999999999
 0.13667654000000001
 0.12828111
 0.12062323
 0.11271966
 0.10419929999999999
 0.096109680000000003
 0.088660970000000006
 0.080711980000000003
 0.073153620000000003
 0.065904110000000002
 0.059519740000000002
 0.053562909999999998
 0.04777029
 0.043497090000000002
 0.039306880000000002
 0.03557946
 0.031763590000000001
 0.028601560000000002
 0.025708970000000001
 0.022730790000000001
 0.020059520000000001
 0.017688619999999999
 0.01539456
 0.013181450000000001
 0.01079423
 0.0091963099999999992
 0.0075296099999999999
 0.0063787899999999996
 0.0054567599999999997
 0.0048814899999999996
 0.0044773399999999998
 0.0037940600000000001
 0.0031608999999999999
 0.0025172599999999999
 0.0019643500000000001
 0.0013681399999999999
 0.00153367


