# Created by Octave 7.3.0, Sat Sep 30 03:07:38 2023 UTC <jovyan@224710f94f77>
# name: C
# type: scalar
4


# name: Cex
# type: matrix
# rows: 45
# columns: 1
 230
 235
 240
 245
 250
 255
 260
 265
 270
 275
 280
 285
 290
 295
 300
 305
 310
 315
 320
 325
 330
 335
 340
 345
 350
 355
 360
 365
 370
 375
 380
 385
 390
 395
 400
 405
 410
 415
 420
 425
 430
 435
 440
 445
 450


# name: Cem
# type: matrix
# rows: 26
# columns: 1
 250
 260
 270
 280
 290
 300
 310
 320
 330
 340
 350
 360
 370
 380
 390
 400
 410
 420
 430
 440
 450
 460
 470
 480
 490
 500


# name: Cex1
# type: matrix
# rows: 45
# columns: 1
 0
 0.093755827999999999
 0.21205685599999999
 0.27995445600000002
 0.32282907599999999
 0.32251474200000002
 0.28202182999999997
 0.23026666800000001
 0.185010014
 0.15007580600000001
 0.12586318899999999
 0.110449033
 0.104170082
 0.108173836
 0.117630914
 0.12907866900000001
 0.140731674
 0.14903757100000001
 0.151291906
 0.15079368400000001
 0.15596816299999999
 0.159144918
 0.16262152199999999
 0.16212448500000001
 0.16223849300000001
 0.160092128
 0.15671246699999999
 0.150892736
 0.142913083
 0.131770832
 0.117228833
 0.10646920999999999
 0.093730815999999995
 0.083975142000000003
 0.072533478999999998
 0.064975860999999996
 0.055812003999999998
 0.049684886999999997
 0.043308253999999997
 0.037781954
 0.032805241999999998
 0.02702247
 0.022948263999999999
 0.017398138
 0.014656169


# name: Cem1
# type: matrix
# rows: 26
# columns: 1
 0
 0.00096917100000000001
 0
 0
 0
 0
 0
 0
 0
 0.0041428699999999999
 0.031121162000000001
 0.067115810999999997
 0.10548071000000001
 0.14287743999999999
 0.18169079699999999
 0.219506127
 0.25415483900000002
 0.28359557000000002
 0.30788906900000002
 0.32061499500000001
 0.32573792800000001
 0.32445845000000001
 0.30926215000000001
 0.28254242299999999
 0.28490382600000003
 0.266723555


# name: Cex2
# type: matrix
# rows: 45
# columns: 1
 0.484556822
 0.56981250900000002
 0.51763901599999995
 0.31023132599999997
 0.104133059
 0.044861895999999998
 0.016039576
 0
 0.006654999
 0.037343639999999997
 0.069376566000000001
 0.092080905000000005
 0.10773832699999999
 0.107137148
 0.099007367999999998
 0.080328940000000001
 0.063608597000000003
 0.048233008000000001
 0.040746379999999999
 0.028478206999999998
 0.016552567000000001
 0.0046392359999999997
 0
 0
 0
 0
 0
 0
 0
 0
 0
 0
 0
 0
 0
 0
 0
 0
 0
 0
 0
 0
 0
 0
 0


# name: Cem2
# type: matrix
# rows: 26
# columns: 1
 0
 0.00085941200000000004
 0.0042412880000000002
 0.0027505049999999999
 0
 0
 0.0062861009999999997
 0.052784708
 0.28320741700000002
 0.46107848600000001
 0.499181718
 0.42277032599999997
 0.32098710699999999
 0.22610308300000001
 0.16645728300000001
 0.12720743300000001
 0.104217934
 0.094657639000000002
 0.094954659999999996
 0.10230650299999999
 0.104199341
 0.10195536700000001
 0.096247468000000003
 0.082905092999999999
 0.040973898000000002
 0.00365921


# name: Cex3
# type: matrix
# rows: 45
# columns: 1
 0.53510853199999997
 0.44552053800000002
 0.29298654800000001
 0.20000063000000001
 0.123419973
 0.082106024
 0.087813534999999998
 0.110000843
 0.132194126
 0.15239847000000001
 0.16889106000000001
 0.183268925
 0.18844982399999999
 0.18317455099999999
 0.174605012
 0.16507681499999999
 0.15308585799999999
 0.14221964600000001
 0.134045043
 0.12811421100000001
 0.113211331
 0.10176260600000001
 0.083275708000000004
 0.070558138000000006
 0.052037440999999997
 0.038093259999999997
 0.022037621
 0.012415914
 0.00054608399999999996
 0
 0
 0
 0
 0
 0
 0
 0
 0
 0
 0
 0
 0
 0
 0
 0


# name: Cem3
# type: matrix
# rows: 26
# columns: 1
 0
 0.0020671830000000002
 0.024706440999999999
 0.055892797000000001
 0.079013743999999997
 0.073038196
 0.070685718999999994
 0.105771299
 0.15304168900000001
 0.19467788599999999
 0.19899407699999999
 0.20791452799999999
 0.22006526300000001
 0.246410884
 0.275302673
 0.29860757100000002
 0.314602506
 0.31433429400000001
 0.29862633399999999
 0.27202970500000001
 0.24443503699999999
 0.22102586799999999
 0.200517895
 0.18101525399999999
 0.085140109000000005
 0.021535222999999999


# name: Cex4
# type: matrix
# rows: 45
# columns: 1
 0.29458480100000001
 0.220122174
 0.13451332799999999
 0.118405996
 0.17329482600000001
 0.24051240400000001
 0.29127492799999999
 0.34924932199999997
 0.37001347200000001
 0.34991336200000001
 0.31911055100000002
 0.26311774500000001
 0.21365616300000001
 0.16391904900000001
 0.12609440799999999
 0.107888371
 0.072007652000000005
 0.046410947000000001
 0.005795499
 0.007421357
 0.0078132189999999997
 0
 0
 0
 0
 0
 0
 0
 0
 0
 0
 0
 0
 0
 0
 0
 0
 0
 0
 0
 0
 0
 0
 0
 0


# name: Cem4
# type: matrix
# rows: 26
# columns: 1
 0
 0
 0.00041164800000000003
 0.013162838
 0.062085767
 0.232501332
 0.43713005100000002
 0.53786374999999997
 0.48405316700000001
 0.35948571400000001
 0.23295120899999999
 0.145840899
 0.093033475000000004
 0.064847725999999994
 0.047906551999999998
 0.037712320000000001
 0.031197362999999999
 0.027387159000000001
 0.026205163
 0.026214112000000001
 0.026774174000000001
 0.026549663000000001
 0.024213948999999999
 0.023048313000000001
 0.010883627
 0.011358470000000001


