# Created by Octave 7.3.0, Tue Sep 26 20:46:18 2023 UTC <jovyan@224710f94f77>
# name: C
# type: scalar
4


# name: Cex
# type: matrix
# rows: 20
# columns: 1
 250
 260
 270
 280
 290
 300
 310
 320
 330
 340
 350
 360
 370
 380
 390
 400
 410
 420
 430
 440


# name: Cem
# type: matrix
# rows: 24
# columns: 1
 290
 300
 310
 320
 330
 340
 350
 360
 370
 380
 390
 400
 410
 420
 430
 440
 450
 460
 470
 480
 490
 500
 510
 520


# name: Cex1
# type: matrix
# rows: 20
# columns: 1
 0.47913341799999998
 0.55158787200000003
 0.68261137199999999
 0.01495664
 0
 0
 0
 0
 0
 0
 0
 0
 0
 0
 0
 0
 0
 0
 0
 0


# name: Cem1
# type: matrix
# rows: 24
# columns: 1
 0.50096428500000001
 0.57664753300000005
 0.55126138400000002
 0.31421522800000001
 0.10563905799999999
 0.043845185000000002
 0.023012029
 0.011418015
 0.0043506639999999997
 0.00074818300000000003
 0
 0
 0
 0
 0
 0.00015583200000000001
 0.0021649799999999999
 0.002394116
 0.0039154250000000002
 0.005904594
 0.0067200530000000001
 0.0049722719999999998
 0.00037375499999999997
 0


# name: Cex2
# type: matrix
# rows: 20
# columns: 1
 0.49838754200000002
 0.38036439999999999
 0.30690672099999999
 0.236212057
 0.26070673
 0.26290218100000001
 0.25883605399999998
 0.256687516
 0.25243400799999999
 0.23553722599999999
 0.20151386099999999
 0.13718449299999999
 0.083897516000000005
 0.036164109
 0
 0
 0
 0
 0
 0


# name: Cem2
# type: matrix
# rows: 24
# columns: 1
 0
 0.011254286
 0
 0
 0
 0.043561002000000001
 0.093406046000000006
 0.14862253
 0.20929393600000001
 0.27018818999999999
 0.31423420200000002
 0.33569956000000001
 0.364828192
 0.36516026099999999
 0.34158821900000003
 0.29882777500000002
 0.25049051300000003
 0.19961815899999999
 0.15678835499999999
 0.126573138
 0.103302346
 0.082835092999999999
 0.064010011000000006
 0.040874894000000002


# name: Cex3
# type: matrix
# rows: 20
# columns: 1
 0.38444256100000002
 0.35402150399999999
 0.30530548099999999
 0.26481617000000002
 0.19340528600000001
 0.156940896
 0.137796951
 0.131451647
 0.146714398
 0.17307672800000001
 0.204507934
 0.245268181
 0.270899116
 0.28309668100000002
 0.26458864700000001
 0.20741663199999999
 0.15007024799999999
 0.109878542
 0.084292550999999993
 0.059253195000000002


# name: Cem3
# type: matrix
# rows: 24
# columns: 1
 0
 0
 0.00051921699999999999
 0
 0
 0
 0
 0
 0
 0
 0
 0.022256090999999999
 0.080637710000000001
 0.16090839700000001
 0.24042782100000001
 0.31812449900000001
 0.37034709900000001
 0.39135071700000001
 0.385409161
 0.35228016099999998
 0.30878160599999999
 0.263645307
 0.21890638200000001
 0.17992467000000001


# name: Cex4
# type: matrix
# rows: 20
# columns: 1
 0.38616067999999998
 0.287124306
 0.31773183399999999
 0.736002932
 0.34927469300000002
 0.060482678999999998
 0.010361772
 0.0040586140000000003
 0
 0
 0
 0
 0
 0
 0
 0.00034177399999999998
 0.00089044899999999997
 0.001518562
 0.0020492430000000001
 0.0018731889999999999


# name: Cem4
# type: matrix
# rows: 24
# columns: 1
 0
 0
 0.135777756
 0.44374813800000001
 0.66025629399999997
 0.46814383399999998
 0.28514842800000001
 0.175156232
 0.10649892399999999
 0.063255931000000001
 0.027626867999999999
 0.0076604539999999997
 0
 0
 0
 0
 0
 0.0073186910000000004
 0.012683998
 0.017588836
 0.018055452
 0.017555800999999999
 0.014792366
 0.0048520969999999997


