# Created by Octave 7.3.0, Tue Sep 26 20:40:05 2023 UTC <jovyan@224710f94f77>
# name: C
# type: scalar
3


# name: Cex
# type: matrix
# rows: 38
# columns: 1
 260
 265
 270
 275
 280
 285
 290
 295
 300
 305
 310
 315
 320
 325
 330
 335
 340
 345
 350
 355
 360
 365
 370
 375
 380
 385
 390
 395
 400
 405
 410
 415
 420
 425
 430
 435
 440
 445


# name: Cem
# type: matrix
# rows: 57
# columns: 1
 304
 308
 312
 316
 320
 324
 328
 332
 336
 340
 344
 348
 352
 356
 360
 364
 368
 372
 376
 380
 384
 388
 392
 396
 400
 404
 408
 412
 416
 420
 424
 428
 432
 436
 440
 444
 448
 452
 456
 460
 464
 468
 472
 476
 480
 484
 488
 492
 496
 500
 504
 508
 512
 516
 520
 524
 528


# name: Cex1
# type: matrix
# rows: 38
# columns: 1
 0.33728612699999999
 0.30772435199999998
 0.272373327
 0.240395157
 0.21070081500000001
 0.18939024700000001
 0.172280989
 0.16015156799999999
 0.150490396
 0.14498696699999999
 0.141336513
 0.139633339
 0.14149444
 0.144421518
 0.148048182
 0.152648963
 0.15747340600000001
 0.161005859
 0.16465413000000001
 0.16745774399999999
 0.17042281100000001
 0.170636537
 0.16866476799999999
 0.163392808
 0.15621333900000001
 0.14798086299999999
 0.13864844000000001
 0.12528513399999999
 0.112071114
 0.10006872999999999
 0.088851659999999999
 0.079299581999999993
 0.070330949000000004
 0.062622299000000006
 0.054725056000000001
 0.048323492000000003
 0.042986077999999997
 0.039126198000000001


# name: Cem1
# type: matrix
# rows: 57
# columns: 1
 0
 0
 0
 0
 0
 0
 0
 0
 0
 0
 0
 0
 0
 0
 0
 0
 0
 0
 0
 0
 0
 0
 0
 0.0094461430000000006
 0.022705244999999999
 0.036750150000000002
 0.052474325000000002
 0.068515442999999995
 0.083832351999999999
 0.098391701999999998
 0.114333172
 0.1285404
 0.14265013500000001
 0.15573675000000001
 0.16788038
 0.18042047899999999
 0.19089937400000001
 0.199573944
 0.20669021900000001
 0.212756053
 0.21750515100000001
 0.22065766000000001
 0.221677929
 0.22118004899999999
 0.219434138
 0.21650687800000001
 0.21266405299999999
 0.20821146200000001
 0.203065045
 0.198427509
 0.19333178400000001
 0.18787462099999999
 0.181816373
 0.17587496899999999
 0.17012685299999999
 0.16363852600000001
 0.15504158700000001


# name: Cex2
# type: matrix
# rows: 38
# columns: 1
 0.27893004900000001
 0.23489827499999999
 0.213326022
 0.20603887700000001
 0.208951108
 0.215831825
 0.221153347
 0.22788418399999999
 0.234567257
 0.24129510300000001
 0.24413871000000001
 0.24371258800000001
 0.241449845
 0.23596072800000001
 0.22813287099999999
 0.21613513600000001
 0.197110229
 0.17630043100000001
 0.15421473899999999
 0.13396149299999999
 0.112872602
 0.094495287999999997
 0.072840627000000005
 0.053072481999999997
 0.034877015999999997
 0.017740230999999999
 0.0035228880000000001
 0
 0
 0
 0
 0
 0
 0
 0
 0
 0
 0


# name: Cem2
# type: matrix
# rows: 57
# columns: 1
 0
 0
 0
 0
 0
 0
 0.013685785000000001
 0.023361600999999999
 0.031513375000000003
 0.043396598000000002
 0.056725319000000003
 0.067822016999999998
 0.079590739999999993
 0.092489068999999993
 0.10579575500000001
 0.122005999
 0.1370846
 0.15242614600000001
 0.168696816
 0.18512379500000001
 0.20403107100000001
 0.22052031899999999
 0.23644141900000001
 0.24283988500000001
 0.24433518200000001
 0.242518648
 0.23853210899999999
 0.233545169
 0.22833130900000001
 0.221051997
 0.21049467799999999
 0.201239848
 0.190808439
 0.179485277
 0.166715802
 0.154260494
 0.14211700899999999
 0.12966003200000001
 0.117808103
 0.10633258299999999
 0.095654771
 0.085813247999999995
 0.076849298999999996
 0.068292349000000002
 0.060020126
 0.052084525999999999
 0.045005857000000003
 0.038691696999999997
 0.032416002999999999
 0.026297094
 0.021020318
 0.015790285000000001
 0.011458101
 0.0071868949999999996
 0.0033242829999999999
 0
 0


# name: Cex3
# type: matrix
# rows: 38
# columns: 1
 0.38119273599999998
 0.388059298
 0.39396498299999999
 0.38094379699999997
 0.33058138599999998
 0.277021664
 0.24675738999999999
 0.21182459000000001
 0.18988129500000001
 0.166458515
 0.14755564500000001
 0.12669724299999999
 0.082837164000000005
 0.053137252000000003
 0.026222489000000002
 0.001924046
 0
 0
 0
 0
 0
 0
 0
 0
 0
 0
 0
 7.99538e-05
 0.00091467999999999996
 0.001403861
 0.001827653
 0.00198161
 0.0019810409999999998
 0.001779409
 0.0016638779999999999
 0.0016066240000000001
 0.001489006
 0.0013217630000000001


# name: Cem3
# type: matrix
# rows: 57
# columns: 1
 0.307064
 0.30272601999999998
 0.29780571
 0.29224038899999999
 0.28713963199999998
 0.280629674
 0.25972632899999998
 0.24375002900000001
 0.23308753300000001
 0.21599951100000001
 0.19514498499999999
 0.18037990500000001
 0.167175455
 0.15459890700000001
 0.13910935299999999
 0.124621894
 0.11263144999999999
 0.102177396
 0.09171282
 0.081818734000000004
 0.074928583000000007
 0.067929375
 0.061366379999999998
 0.053270103999999999
 0.044550056999999997
 0.035632494000000001
 0.028604319
 0.022254998000000002
 0.017250208
 0.012813926
 0.0092248130000000001
 0.0071208119999999998
 0.0057993690000000004
 0.0044309680000000004
 0.0023432140000000001
 0.00091300300000000001
 0.00073111699999999999
 0.0013219779999999999
 0.00098484599999999994
 0.003621811
 0.0064666130000000004
 0.010301444
 0.011026586
 0.011932165999999999
 0.015170734999999999
 0.018417653999999999
 0.022114261999999999
 0.026496494999999998
 0.031109234999999999
 0.036891317999999999
 0.043545339000000002
 0.050126799999999999
 0.056243584999999999
 0.062224363999999997
 0.068536923
 0.075943257
 0.082778289000000005


