# Created by Octave 7.3.0, Sat Sep 30 02:53:51 2023 UTC <jovyan@224710f94f77>
# name: C
# type: scalar
5


# name: Cex
# type: matrix
# rows: 40
# columns: 1
 250
 255
 260
 265
 270
 275
 280
 285
 290
 295
 300
 305
 310
 315
 320
 325
 330
 335
 340
 345
 350
 355
 360
 365
 370
 375
 380
 385
 390
 395
 400
 405
 410
 415
 420
 425
 430
 435
 440
 445


# name: Cem
# type: matrix
# rows: 30
# columns: 1
 324
 332
 340
 348
 356
 364
 372
 380
 388
 396
 404
 412
 420
 428
 436
 444
 452
 460
 468
 476
 484
 492
 500
 508
 516
 524
 532
 540
 548
 556


# name: Cex1
# type: matrix
# rows: 40
# columns: 1
 0.34736702329605001
 0.29766861675025003
 0.2580760855891
 0.21963340304109
 0.17974609285268001
 0.13944927583340999
 0.11143873078681001
 0.094103991898956005
 0.089851179998549996
 0.097401684439942002
 0.11490607556121001
 0.14058970025081999
 0.17046032968780001
 0.20165503923634001
 0.22750618705476999
 0.24562541055876999
 0.25143571684311999
 0.24754616878251001
 0.23669207442067
 0.21945180920549001
 0.19826473719804
 0.17830550092631001
 0.15583958561881001
 0.13375759425223999
 0.10987736815802999
 0.087453974943181995
 0.066580349168393005
 0.049964338451379001
 0.034703341085076
 0.022630470176254001
 0.013263658646895
 0.0037247735390630999
 0
 0
 0
 0
 0
 0
 0
 0


# name: Cem1
# type: matrix
# rows: 30
# columns: 1
 0
 0
 0
 0
 0
 0.020799244418563002
 0.047385823299022002
 0.078822305367632003
 0.11599236805738999
 0.15325097516135999
 0.18961801246206
 0.22288027675027999
 0.25086192831958998
 0.27078934880186001
 0.28401988990846
 0.28851319987729002
 0.28731514363978999
 0.28028702852600001
 0.26987626328453002
 0.25591442644959
 0.23663101128024999
 0.21802384655012
 0.19761322434997999
 0.17929317742878001
 0.16106915173625999
 0.14448731885225
 0.12894286324818999
 0.11401512849191001
 0.10014179664026
 0.087958882416627998


# name: Cex2
# type: matrix
# rows: 40
# columns: 1
 0.16105721135003001
 0.23047018462468
 0.252373032931
 0.27198346257719003
 0.28548717239749
 0.28875099630696999
 0.27325345139731999
 0.25495352619915002
 0.22978580299918999
 0.19842544406047999
 0.16386491600893999
 0.13003274825395
 0.097928606637309998
 0.072213465400190996
 0.055370149986291001
 0.046316167549423998
 0.047738137076089003
 0.055763779198347997
 0.065464648823870999
 0.076547637095491006
 0.090970773585442005
 0.1031020386428
 0.11866019866418
 0.13135962545131
 0.14277237964905001
 0.15007314288903001
 0.15561314807669999
 0.15625911668602999
 0.15638536811837001
 0.15273568485986999
 0.14843766603288
 0.14512962890431999
 0.13477414091973
 0.12064963004764
 0.10708159858498
 0.095905020310109002
 0.084187864807108007
 0.075518029458536001
 0.068731929959418001
 0.060699212979844999


# name: Cem2
# type: matrix
# rows: 30
# columns: 1
 0
 0.0037750953925032001
 0.0074989268969167001
 0.0054009970141986998
 0.0017927584603307
 0
 0
 0
 0
 0
 0.0052875814996463004
 0.025535923583504001
 0.057438595204598
 0.093922092024720003
 0.13148511387784001
 0.16775572748986001
 0.19893495877263001
 0.22620789861842999
 0.25249572840493001
 0.27218986100233999
 0.28649789920921997
 0.2912820326933
 0.29474087369599
 0.29126431709174
 0.28336777527784002
 0.27305807995280001
 0.26034373392266003
 0.24290838188843
 0.22429114532659
 0.20615151732934001


# name: Cex3
# type: matrix
# rows: 40
# columns: 1
 0.51873215953346996
 0.46108725884099
 0.39777632022629
 0.33490592359094001
 0.27510486429288
 0.22427001582615999
 0.18322618065808
 0.15530956840231999
 0.13286943250409999
 0.11433947465384001
 0.099857330352965998
 0.087470771789666002
 0.075143302277885002
 0.063244031304484999
 0.051636912256181999
 0.040751852307392998
 0.031497416178146997
 0.023087840011870999
 0.016043847125348999
 0.010639149366176
 0.0055867255630738001
 0.0020275790787816
 0
 0
 0
 0
 0
 0
 0
 0
 0
 0
 0
 0
 0
 0
 0
 0
 0
 0


# name: Cem3
# type: matrix
# rows: 30
# columns: 1
 0.017411541198839
 0.030973631875917
 0.038903562645681997
 0.045406051498782997
 0.059864335970844
 0.069312153933477005
 0.089522181947301993
 0.11660552164141
 0.14726221882405
 0.1752427047566
 0.20119457943951
 0.22420622021381001
 0.24390133458591001
 0.25829340657770999
 0.26805156480157
 0.26924842980739
 0.26760645054421001
 0.26273370428123999
 0.25560187674420998
 0.24293957983244999
 0.22996002753146999
 0.22472508758626
 0.20241902390602001
 0.18863117591428
 0.17213965180306001
 0.15306513850504999
 0.15031970775348
 0.11852659090322
 0.099571772865325994
 0.083170321908040995


# name: Cex4
# type: matrix
# rows: 40
# columns: 1
 0.28628474752045002
 0.27070395351686
 0.22903396571060999
 0.18263810977235001
 0.16537497215058999
 0.18052964847919001
 0.20998076810849001
 0.25211863266377998
 0.29167047126293
 0.32095414596658001
 0.33646971318812002
 0.32743682877049002
 0.29544186732201
 0.23409470083825001
 0.16356678405135999
 0.10242906035488999
 0.054459750115410002
 0.022956619284621001
 0.0040912974256162001
 0
 0
 0
 0
 0
 0
 0
 0
 0
 0
 0
 0
 0
 0
 0
 0
 0
 0
 0
 0
 0


# name: Cem4
# type: matrix
# rows: 30
# columns: 1
 0.027820294472971002
 0.0029541436189667999
 0.0033013498629773999
 0.025509725091599
 0.061522221003671003
 0.092345745481729996
 0.12939898106826001
 0.17449142515651
 0.23140718834665
 0.28600082840949997
 0.32725864227763002
 0.34946337331942001
 0.35126180773318999
 0.33232718869811001
 0.30265033858153001
 0.26493441578852001
 0.2285942073186
 0.19388825946051999
 0.16206322161174999
 0.13490965460373
 0.11183382663643
 0.093723759913665994
 0.079859680458012006
 0.068979680986771
 0.057780440048532
 0.051136040308358
 0.039963981564208002
 0.041203971531172001
 0.038814892416889998
 0.037074586504932998


# name: Cex5
# type: matrix
# rows: 40
# columns: 1
 0.29395426030207
 0.27269630807901002
 0.26160117522095
 0.26234690179635001
 0.26728813966879
 0.27185943057397
 0.27281432240045
 0.2703392660842
 0.26571560822321
 0.25566370761379997
 0.23828935724895001
 0.22294204911318999
 0.19825238429141001
 0.18279458194640999
 0.16943142269011
 0.14837851249157999
 0.13123379482507
 0.11203877852609
 0.088346387588160005
 0.059605030723570998
 0.038586151496746997
 0.020488756005213
 0.012983819853025
 0.00047261961127527001
 0
 0
 0
 0
 0
 0
 0
 0
 0
 0
 0
 0
 0
 0
 0
 0


# name: Cem5
# type: matrix
# rows: 30
# columns: 1
 0.18013349815190999
 0.21202172770808
 0.23840977894529999
 0.26420944037293997
 0.28910614238456001
 0.29929792262885002
 0.30802337630290999
 0.31411954558742999
 0.31616955412119002
 0.30360614657925999
 0.27362096824328003
 0.23676642700059
 0.19669242785193
 0.15790660309931001
 0.12575603279778
 0.10048445019855
 0.081069937380460005
 0.065400630970085
 0.053401037714501998
 0.042796517839897998
 0.029919591112827
 0.013139502896391
 0.0063543293427925996
 0
 0
 0
 0
 0
 0
 0


