# Created by Octave 7.3.0, Tue Sep 26 20:32:30 2023 UTC <jovyan@224710f94f77>
# name: C
# type: scalar
4


# name: Cex
# type: matrix
# rows: 101
# columns: 1
 250
 252
 254
 256
 258
 260
 262
 264
 266
 268
 270
 272
 274
 276
 278
 280
 282
 284
 286
 288
 290
 292
 294
 296
 298
 300
 302
 304
 306
 308
 310
 312
 314
 316
 318
 320
 322
 324
 326
 328
 330
 332
 334
 336
 338
 340
 342
 344
 346
 348
 350
 352
 354
 356
 358
 360
 362
 364
 366
 368
 370
 372
 374
 376
 378
 380
 382
 384
 386
 388
 390
 392
 394
 396
 398
 400
 402
 404
 406
 408
 410
 412
 414
 416
 418
 420
 422
 424
 426
 428
 430
 432
 434
 436
 438
 440
 442
 444
 446
 448
 450


# name: Cem
# type: matrix
# rows: 164
# columns: 1
 301
 303
 304
 306
 308
 309
 311
 312
 314
 316
 317
 319
 321
 322
 324
 325
 327
 329
 330
 332
 334
 335
 337
 338
 340
 342
 343
 345
 347
 348
 350
 351
 353
 355
 356
 358
 360
 361
 363
 364
 366
 368
 369
 371
 373
 374
 376
 378
 379
 381
 382
 384
 386
 387
 389
 391
 392
 394
 396
 397
 399
 401
 402
 404
 405
 407
 409
 410
 412
 414
 415
 417
 419
 420
 422
 424
 425
 427
 428
 430
 432
 433
 435
 437
 438
 440
 442
 443
 445
 447
 448
 450
 452
 453
 455
 457
 458
 460
 462
 463
 465
 467
 468
 470
 471
 473
 475
 476
 478
 480
 481
 483
 485
 486
 488
 490
 491
 493
 495
 496
 498
 500
 501
 503
 505
 506
 508
 510
 511
 513
 515
 516
 518
 520
 521
 523
 525
 526
 528
 530
 531
 533
 535
 536
 538
 540
 541
 543
 545
 546
 548
 550
 551
 553
 555
 556
 558
 560
 561
 563
 565
 566
 568
 570


# name: Cex1
# type: matrix
# rows: 101
# columns: 1
 0.20419088297778001
 0.19664435499769001
 0.19041013074796001
 0.17785431193751
 0.17793595922711999
 0.17020648681200001
 0.15894716548106
 0.15731979660438999
 0.15120460267881
 0.14929541501480001
 0.14659080221439
 0.14150871947867999
 0.13998545349538
 0.13592392653314
 0.13457199670296999
 0.13292721150624001
 0.13268479022230001
 0.1320982969217
 0.13281141460511001
 0.13414412887753999
 0.13251154771170001
 0.13452385556165
 0.13713270361704999
 0.1374069320978
 0.13720553729362001
 0.13740255628360001
 0.138388346247
 0.13836202139935999
 0.13767134509578
 0.13827514145965
 0.139689857527
 0.13701848086969001
 0.13605793911519001
 0.13497696407067
 0.13221222353897
 0.13125209945626001
 0.12836560556505999
 0.12623803010696
 0.12378832387943001
 0.12178037338537
 0.11726728379755
 0.11508688343497001
 0.11157975955572
 0.10938343737627999
 0.10433254339023
 0.099867496715907
 0.096999867646140006
 0.093402907019252995
 0.087313443023628007
 0.083504538686240998
 0.078979466851125002
 0.074498617679994994
 0.070112253147312995
 0.065385943098482002
 0.062170568916294001
 0.057897652892202001
 0.055152984137430999
 0.051146207277499002
 0.046770383625798002
 0.043034320518737998
 0.039180997636031001
 0.035722435869098998
 0.032093697682108999
 0.029319005448031999
 0.026053542366915001
 0.024049583071706002
 0.020615205366018002
 0.018554216109917001
 0.014682950811981
 0.012466372452045999
 0.010287094263528
 0.0081495095056433008
 0.0036571371976228998
 0.0036407102585226999
 0.00027643042413065002
 0
 0
 0
 0
 0
 0
 0
 0
 0
 0
 0
 0
 0
 0
 0
 0
 0
 0
 0
 0
 0
 0
 0
 0
 0
 0


# name: Cem1
# type: matrix
# rows: 164
# columns: 1
 0.0045784896451630998
 0.012224269560355
 0.013661389546293
 0.00090167168386095001
 0.0042424339660951998
 0.018461234608010999
 0.012814676202502999
 0.011264493522354001
 0.015104135900813
 0.020258277172832
 0.012892336791641999
 0.025211573984418
 0.015539795989126999
 0.012683701925886999
 0
 0.0036979418514219002
 0.0042594565965526996
 0.0051290200731836004
 0.0035917232793527001
 0
 0
 0
 0.00083178115406469999
 0
 0
 0
 0
 0.0044260785163059996
 0.0067635876709370001
 0.0076448045962369997
 0.022215910947162
 0.0079784996521208001
 0.012467276300154999
 0.015664754510503
 0.03110569889318
 0.030921070357262999
 0.026256965001529999
 0.040960981999715998
 0.044534238667727002
 0.049731488573274002
 0.050921886342319998
 0.061246587021163999
 0.048850128303531998
 0.074335054641785997
 0.079634114269404005
 0.081949450122706005
 0.078087921191226997
 0.081167709860260007
 0.092096965281927998
 0.086376019621341005
 0.097051378432769994
 0.11208445637959
 0.10444907315925001
 0.11155948007876
 0.11263538462992
 0.12116149783306
 0.13765570450201001
 0.12704245172862
 0.13838345050695
 0.12874475157254001
 0.12717558719447999
 0.15458807810152
 0.14748999748371999
 0.14220603085151001
 0.14828538573641001
 0.15850477705995
 0.15203084293885
 0.14846759186229999
 0.15028392729074999
 0.1491506334885
 0.14383696721558001
 0.14507779103299001
 0.14666463806891
 0.14207813050733001
 0.14041179250124
 0.13795899803041001
 0.13339594976913999
 0.13821098812283
 0.13333107823783999
 0.14077073506779
 0.13693192041487001
 0.13771438851425
 0.13105435889091999
 0.13109527680475999
 0.12106285992818
 0.12324328224072
 0.12600806712386001
 0.11966293032846
 0.11889301066332
 0.11429364757322
 0.11339625756117
 0.11121075450801
 0.10487972619557
 0.10473488417644
 0.1034376972059
 0.10243162996417
 0.096534466766939997
 0.094452155008770994
 0.094850338315874999
 0.089419222957846003
 0.082499950471642006
 0.084580881371393996
 0.079350697811158
 0.077173101213826006
 0.072300450139649003
 0.075172553002866002
 0.073735189694687994
 0.070277273653489
 0.062791830881298999
 0.070042079812594998
 0.056982174974557001
 0.054874193171666003
 0.061846651639141999
 0.056710994760889998
 0.050823940433462
 0.055079660526393001
 0.052147847423974998
 0.046599799595130997
 0.047383135961319003
 0.048123789549103999
 0.036661054872162001
 0.040755696298129002
 0.042685367454600998
 0.040671483454288997
 0.036770496425504
 0.031080002364846
 0.030680610298464001
 0.032004262306454
 0.03016481742563
 0.037211850857854001
 0.03708415007206
 0.023279793232433999
 0.028940458819155
 0.025638143503882001
 0.030107130935461
 0.012236024454524
 0.025416163898494
 0.024187328069410999
 0.023471000359822001
 0.024135749799976
 0.017429136912393998
 0.014239172283755
 0.019744971526505999
 0.012154721257435001
 0.017792240245043001
 0.016967787754845001
 0.019600806101722001
 0.013426980676080001
 0.017759590020613
 0.016184580113663
 0.014772002930677
 0.014891713344217
 0.014493348077531
 0.0083580669794948992
 0.012405493380098999
 0.0094963963281784001
 0.015464907368354
 0.0077579149871735004
 0.0016691803517193001
 0.014923770120404
 0.0026647713213485999
 0.011898807233614001
 0
 0.0054148419650407002


# name: Cex2
# type: matrix
# rows: 101
# columns: 1
 0.15112405817211
 0.15532642511010999
 0.16394967151431999
 0.17101196403463001
 0.17866795762342999
 0.18470892317033
 0.18935904273776999
 0.20278728145184
 0.21445955503503
 0.23102061407943
 0.24782258708282001
 0.25841888058308998
 0.26597499622811999
 0.27086089335798003
 0.27166810558282001
 0.26438445606418998
 0.25112674551656
 0.22939083785282
 0.20173386458534001
 0.17382618311965001
 0.14668026849922
 0.12080363703548
 0.092657571861835999
 0.067360427523580998
 0.042210898317448002
 0.027018986402287001
 0.012499164775316001
 0.0039892371794550997
 0
 0
 0
 0
 0
 0
 0
 0
 0
 0
 0
 0
 0
 0
 0
 0.0018696176760709001
 0.0011756503407829
 0
 0
 0
 0
 0
 0
 0
 0
 0
 0
 0
 0
 0
 0
 0
 0
 0
 0
 0
 0
 0
 0
 0
 0
 0
 0
 0
 0
 0
 0
 0
 9.3319771181253004e-05
 0
 1.7392228696021998e-05
 8.5091454193430996e-05
 0.00057315034910008003
 0.00032580705238358999
 0
 0
 2.4643037192572001e-05
 0
 0
 0.00015266784023575
 5.0557725063571998e-05
 5.6685302681112999e-05
 0
 0
 0.00054685460469212997
 0.00043405261348678002
 0
 0.00044260684090536
 0.00058986523554924002
 0.0011070271040431001
 0.00043681730307037998
 0.00061013760014784002
 0.00045606378464245001


