# Created by Octave 7.3.0, Sat Sep 30 02:15:50 2023 UTC <jovyan@224710f94f77>
# name: C
# type: scalar
4


# name: Cex
# type: matrix
# rows: 20
# columns: 1
 250
 260
 270
 280
 290
 300
 310
 320
 330
 340
 350
 360
 370
 380
 390
 400
 410
 420
 430
 440


# name: Cem
# type: matrix
# rows: 24
# columns: 1
 290
 300
 310
 320
 330
 340
 350
 360
 370
 380
 390
 400
 410
 420
 430
 440
 450
 460
 470
 480
 490
 500
 510
 520


# name: Cex1
# type: matrix
# rows: 20
# columns: 1
 0.47319279400000003
 0.41733403200000002
 0.299384592
 0.256158893
 0.20892505
 0.20204177100000001
 0.20530664900000001
 0.22374470599999999
 0.228550015
 0.229445606
 0.21108629400000001
 0.19831290400000001
 0.18693537900000001
 0.14964053499999999
 0.108195495
 0.078786605999999995
 0.056864451000000003
 0.044847669999999999
 0.026565715
 0.0047055509999999997


# name: Cem1
# type: matrix
# rows: 24
# columns: 1
 0
 0
 0
 0
 0
 0
 0
 0
 0
 0
 0
 0.036312914000000002
 0.111961318
 0.22963331200000001
 0.33697872699999998
 0.42160180600000002
 0.45767089
 0.42509242899999999
 0.35105679099999998
 0.27576135499999999
 0.194030868
 0.11571545
 0.040278744999999998
 0


# name: Cex2
# type: matrix
# rows: 20
# columns: 1
 0.49122573400000002
 0.39422922500000002
 0.272498248
 0.26672210499999999
 0.27701138800000003
 0.29459069399999999
 0.29163589099999998
 0.28713406600000002
 0.24620577099999999
 0.19196116399999999
 0.14313901400000001
 0.085223732999999996
 0.040619418999999997
 0
 0
 0
 0
 0
 0
 0


# name: Cem2
# type: matrix
# rows: 24
# columns: 1
 0.0040443379999999998
 0.026396842
 0.023920548
 0
 0
 0.021628735999999999
 0.083328624000000004
 0.16219676899999999
 0.25387975699999998
 0.34469655199999999
 0.41387437700000002
 0.40624611500000002
 0.40990639899999998
 0.36914313799999998
 0.28812731000000003
 0.20125109699999999
 0.119372561
 0.055027944000000002
 0.017022723999999999
 0
 0
 0
 0.004464829
 0


# name: Cex3
# type: matrix
# rows: 20
# columns: 1
 0.43937504599999999
 0.39352305599999998
 0.32524307200000002
 0.28786387200000002
 0.236963968
 0.202693973
 0.179554565
 0.18067038399999999
 0.178970455
 0.18143751299999999
 0.17550010999999999
 0.17386437499999999
 0.18015130700000001
 0.16185116799999999
 0.15235883
 0.14173593000000001
 0.13430869000000001
 0.140027771
 0.137900988
 0.12933344999999999


# name: Cem3
# type: matrix
# rows: 24
# columns: 1
 0.018600163999999999
 0.0092957539999999998
 0.01186692
 0.01449192
 0.010290637
 0.004135489
 0
 0
 0
 0
 0.010134311
 0.043229215000000001
 0.047406055000000002
 0.012069906
 0
 0
 0.034224951000000003
 0.130415636
 0.24607262999999999
 0.324617828
 0.38877470400000003
 0.443945072
 0.486920097
 0.47465467500000003


# name: Cex4
# type: matrix
# rows: 20
# columns: 1
 0.36338830999999999
 0.466207078
 0.52288164500000001
 0.53317525700000001
 0.29237872500000001
 0.078936222
 0.025142688999999999
 0.023883584999999999
 0
 0
 0
 0
 0
 0
 0
 0
 0
 0
 0
 0


# name: Cem4
# type: matrix
# rows: 24
# columns: 1
 0.12639325400000001
 0.099851301000000003
 0.15664135400000001
 0.30970789500000001
 0.43356475999999999
 0.477433893
 0.43160754400000001
 0.36029673800000001
 0.27236976800000001
 0.178723259
 0.084893291999999995
 0.032762474
 0.013376851
 0.01151049
 0.020655316999999999
 0.029123335
 0.033116697
 0.036412607999999999
 0.038101744999999999
 0.032389679999999997
 0.023069611
 0.011367159999999999
 0
 0


