# Created by Octave 7.3.0, Fri Sep 22 23:38:37 2023 UTC <jovyan@224710f94f77>
# name: C
# type: scalar
5


# name: Cex
# type: matrix
# rows: 63
# columns: 1
 252
 255
 258
 261
 264
 267
 270
 273
 276
 279
 282
 285
 288
 291
 294
 297
 300
 303
 306
 309
 312
 315
 318
 321
 324
 327
 330
 333
 336
 339
 342
 345
 348
 351
 354
 357
 360
 363
 366
 369
 372
 375
 378
 381
 384
 387
 390
 393
 396
 399
 402
 405
 408
 411
 414
 417
 420
 423
 426
 429
 432
 435
 438


# name: Cem
# type: matrix
# rows: 80
# columns: 1
 280
 284
 287
 290
 293
 297
 300
 303
 306
 310
 313
 316
 319
 322
 326
 329
 332
 335
 339
 342
 345
 348
 352
 355
 358
 362
 365
 368
 371
 375
 378
 381
 384
 388
 391
 394
 398
 401
 404
 407
 411
 414
 417
 421
 424
 427
 430
 434
 437
 440
 444
 447
 450
 454
 457
 460
 464
 467
 470
 473
 477
 480
 483
 487
 490
 493
 497
 500
 503
 507
 510
 513
 517
 520
 523
 527
 530
 533
 537
 540


# name: Cex1
# type: matrix
# rows: 63
# columns: 1
 0.45509242247809001
 0.54092643373961002
 0.60048895780111999
 0.67045428969327003
 0.74941877758884001
 0.83771799150777004
 0.91692157385301998
 0.97138739398615004
 1
 0.99740588734005997
 0.95330182945741004
 0.84250294451270002
 0.68946404676244999
 0.52889806129653005
 0.36921858725183998
 0.23051281086111999
 0.12729374320812001
 0.068502919326080006
 0.037712494501501999
 0.0097775098992284992
 0.0032022365986529001
 0
 0
 0
 2.582364409678e-18
 2.95952117629e-19
 2.97640152542e-19
 2.7666342663599999e-19
 2.3486281307400002e-19
 1.479824338256e-18
 1.4435053916700001e-19
 0
 0
 0
 0
 0
 0
 0
 0
 0
 0
 0
 0
 0
 0
 0
 0
 9.1246095438499997e-19
 5.7760626624799997e-19
 1.50438082837e-19
 6.5631164488e-20
 2.9293140062170001e-18
 8.8389171671680007e-18
 9.0671051755129995e-18
 1.2194500528104e-17
 1.4584321805755999e-17
 1.6369578844034001e-17
 1.7881027435133999e-17
 1.9063828922184999e-17
 1.9827335989554e-17
 2.0693404202511e-17
 2.0074525805303001e-17
 2.0116298735539999e-17


# name: Cem1
# type: matrix
# rows: 80
# columns: 1
 0.12350904339547
 0.15069277322353
 0.17985976389405001
 0.20896589494702
 0.25002444907234
 0.30882301106031002
 0.37931138896866001
 0.47791392816971001
 0.55714401710177996
 0.64583866675880996
 0.73635733688168004
 0.80761516289135005
 0.88034268684648997
 0.94653130991917001
 0.99244724961983999
 1
 0.99429905446345002
 0.97823917436844998
 0.92815697370143002
 0.86369636540278005
 0.78892145372720002
 0.72719224850615005
 0.65480112814278002
 0.58477742621113005
 0.52742516876665002
 0.47023775906877002
 0.40219315972257003
 0.36062794804499998
 0.31592730037463002
 0.25241557751355997
 0.23631422448746001
 0.20401394792797001
 0.17869960963911999
 0.16661442022687001
 0.1220673572356
 0.11209922973687
 0.11513625315926999
 0.097424924980689998
 0.091038324641124005
 0.080830034917760002
 0.078709724771412998
 0.077340845923088999
 0.065781456991187995
 0.070427758457044007
 0.067234950087310993
 0.065420571199616001
 0.065067570110036999
 0.066009683635621
 0.065384709468480004
 0.057671207933633999
 0.054169758169245998
 0.049324841060418997
 0.052941398016435
 0.050354380261074999
 0.049308381565446001
 0.032462700974058997
 0.038989708557735002
 0.030346666981670999
 0.028795746592748001
 0.024448250598486002
 0.014424166727684999
 0.016855055097323001
 0.0046147219583122998
 0.0092768392745101007
 0.010934345257603
 0.0082436646217004996
 0.0068034696545053999
 0.0089764210148185995
 0.0095232689019410007
 0.013014720221126
 0.015610725683422999
 0.012206002091370001
 0.018415291983774
 0.025853593830252
 0.022112835797773001
 0.0251705515817
 0.021251608481792
 0.022365435287759
 0.034071438618282997
 0.031966563583624


# name: Cex2
# type: matrix
# rows: 63
# columns: 1
 0.67331934989108
 0.55047722376226005
 0.51442576116307004
 0.51702333043713999
 0.53322029164415996
 0.56326893422692004
 0.61037809465418003
 0.68416207458764999
 0.73638409111128
 0.79624658932534997
 0.86056199015871004
 0.92653772173771998
 0.98423536810335999
 1
 0.97229092109088
 0.94454582308674995
 0.91778477720009
 0.86131840850177999
 0.78455419487190003
 0.69123953751503997
 0.61025823339578
 0.51820462643288001
 0.41254420848256002
 0.30064157572811001
 0.20899181471781
 0.14811312382017
 0.10804774237415
 0.077625370305849997
 0.052542551771107997
 0.032481408576506998
 0.017025424332471999
 0.0053428011658088999
 1.8557734597e-20
 5.7738616233999998e-20
 8.6582116539000004e-20
 1.01921345931e-19
 1.1502992508699999e-19
 1.20151330693e-19
 1.2282956027400001e-19
 1.1779704460500001e-19
 1.1030820729499999e-19
 3.1055584457730001e-18
 9.2030746422000002e-20
 8.2296155445999996e-20
 7.3186923085000001e-20
 6.2950624445000004e-20
 5.4661990691000004e-20
 0
 0
 0
 0.00045287974896630998
 4.8158537013249998e-05
 0
 0
 0
 0
 0
 0
 0
 0
 0
 0
 0


# name: Cem2
# type: matrix
# rows: 80
# columns: 1
 0
 1.3062228414210001e-18
 0.00074234294370937996
 0.01343777961302
 0.032134162545891
 0.046189350154515002
 0.056260516414908
 0.055748475865331
 0.077855274895721999
 0.1208265895018
 0.17349732141433
 0.26696166246935998
 0.41438305837990003
 0.55343867534053004
 0.65823621301944002
 0.74083496907014001
 0.83578089683749002
 0.94240804093554997
 0.99313839363252998
 1
 0.98186787248577001
 0.94836396975032
 0.92590357518405997
 0.89039509383174997
 0.81633241885090002
 0.74700149665130999
 0.68978846430470997
 0.63816874385788003
 0.60176727090848003
 0.58090709740660995
 0.53036585425608995
 0.49095169007949002
 0.45062175536754001
 0.41597677555432
 0.38220544088498998
 0.35331233598044998
 0.316494984714
 0.28990250977817
 0.25728385813327997
 0.22890394352822999
 0.20673129001373999
 0.17983688893828001
 0.15888965686803999
 0.14365792196384
 0.11972979933326
 0.097845015621813997
 0.090372532977623002
 0.077531748416393001
 0.063148620187037999
 0.059933675506857999
 0.049629845265110002
 0.038060912498805999
 0.047250875059709999
 0.041884853407751998
 0.041893847107526
 0.042629556571454001
 0.040858166820690003
 0.044560432981189002
 0.039159440366037003
 0.046666547876519998
 0.054194733081372001
 0.046230159540472
 0.049962366241356998
 0.058604461005977
 0.051432868378552002
 0.05464611569774
 0.052057115646925001
 0.044851752974355001
 0.045046709140483997
 0.045475958816859001
 0.041416718500740003
 0.036504592340818001
 0.032546408619049998
 0.027387936628677001
 0.031296625295812001
 0.030376563846897998
 0.030073996528018999
 0.034895375421354999
 0.021534379520361999
 0.024433719516586998


# name: Cex3
# type: matrix
# rows: 63
# columns: 1
 1
 0.85126493787466995
 0.71722359704815997
 0.61128140312830004
 0.53597057224954003
 0.46544271817193
 0.44077932720850999
 0.40892107683295997
 0.4152378466344
 0.42617305139659001
 0.44539063095182002
 0.46215050203380997
 0.49195972057194998
 0.51243943001627001
 0.53201286501133005
 0.55752293299721001
 0.58214738825604995
 0.60634950913092001
 0.62000381389935999
 0.64159332847158002
 0.65346444499168999
 0.67597625533422001
 0.682836942477
 0.68729030628735999
 0.68994485344378997
 0.68122652586419996
 0.66304092694922001
 0.63772584939831001
 0.61009863458845004
 0.57649018990514
 0.53821256043071997
 0.49996014864579003
 0.46447442958034002
 0.42067950148354
 0.38313660870000998
 0.34407096601172998
 0.30372418059002998
 0.26748553226312999
 0.23728878598767
 0.20839496597302001
 0.17743896004935999
 0.14840798327426
 0.12392307387607
 0.10038129604833
 0.081816394667353007
 0.063142808380869997
 0.049555969876571002
 0.035913878197985
 0.023326901212536999
 0.012537051696363001
 0.0019677039089471002
 0
 6.4248984966299998e-19
 8.4134574676199996e-19
 1.122199985311e-18
 1.30680421835e-18
 1.4131319522050001e-18
 1.492818539539e-18
 1.542528254516e-18
 1.555558001302e-18
 1.566429171938e-18
 1.499105955998e-18
 1.466684817194e-18


