# Created by Octave 7.3.0, Mon Oct 16 02:16:16 2023 UTC <jovyan@224710f94f77>
# name: C
# type: scalar
8


# name: Cex
# type: matrix
# rows: 40
# columns: 1
 260
 265
 270
 275
 280
 285
 290
 295
 300
 305
 310
 315
 320
 325
 330
 335
 340
 345
 350
 355
 360
 365
 370
 375
 380
 385
 390
 395
 400
 405
 410
 415
 420
 425
 430
 435
 440
 445
 450
 455


# name: Cem
# type: matrix
# rows: 106
# columns: 1
 290
 292
 294
 296
 298
 300
 302
 304
 306
 308
 310
 312
 314
 316
 318
 320
 322
 324
 326
 328
 330
 332
 334
 336
 338
 340
 342
 344
 346
 348
 350
 352
 354
 356
 358
 360
 362
 364
 366
 368
 370
 372
 374
 376
 378
 380
 382
 384
 386
 388
 390
 392
 394
 396
 398
 400
 402
 404
 406
 408
 410
 412
 414
 416
 418
 420
 422
 424
 426
 428
 430
 432
 434
 436
 438
 440
 442
 444
 446
 448
 450
 452
 454
 456
 458
 460
 462
 464
 466
 468
 470
 472
 474
 476
 478
 480
 482
 484
 486
 488
 490
 492
 494
 496
 498
 500


# name: Cex1
# type: matrix
# rows: 40
# columns: 1
 0.327856441
 0.313088639
 0.28513611300000002
 0.25232024199999997
 0.220097917
 0.19238361800000001
 0.173421142
 0.16128505700000001
 0.15530081000000001
 0.15382228000000001
 0.15666936300000001
 0.16194790100000001
 0.16789542099999999
 0.17321419399999999
 0.177256409
 0.17913716700000001
 0.18090536500000001
 0.18102188299999999
 0.17884440099999999
 0.17626239299999999
 0.17229784500000001
 0.16782993600000001
 0.157755323
 0.144746347
 0.12990527900000001
 0.11518339399999999
 0.098620646000000006
 0.081655279999999997
 0.064179411000000006
 0.048808643999999998
 0.036133498
 0.026068910000000001
 0.017804087999999999
 0.010744114000000001
 0.0049808459999999997
 0.00039533899999999998
 0
 0
 0
 0


# name: Cem1
# type: matrix
# rows: 106
# columns: 1
 0
 0
 0
 0
 0
 0
 0
 0
 0
 0
 0
 0
 0
 0
 0
 0
 0
 0
 0
 0
 0
 0
 0
 -0.00022494799999995001
 -0.00011130599999998
 0
 -0.00025611800000002998
 -0.00047651800000014999
 0
 0
 0
 0
 0
 0
 0
 0
 0
 0
 0
 0
 0
 0
 0
 0
 0
 0
 0
 0
 0
 0
 0
 0.00090843900000000003
 0.0041351249999999999
 0.0064354110000000003
 0.010971099
 0.015388321999999999
 0.021054369999999999
 0.026894945999999999
 0.032966685000000003
 0.039959386999999999
 0.046484312999999999
 0.054086675000000001
 0.061712384000000002
 0.069401330999999997
 0.077531436999999995
 0.084970323
 0.093394208000000006
 0.101439406
 0.109424115
 0.117710781
 0.12561998699999999
 0.13220797200000001
 0.13827584200000001
 0.14416283099999999
 0.14915762799999999
 0.154070083
 0.15851084900000001
 0.16251874399999999
 0.16628728200000001
 0.16979841300000001
 0.17284192000000001
 0.17540670799999999
 0.17740793299999999
 0.17888422100000001
 0.17984272400000001
 0.180854238
 0.180956645
 0.180415352
 0.17999614
 0.17867503100000001
 0.17724962699999999
 0.175205948
 0.172642294
 0.16995432599999999
 0.16642869299999999
 0.162740573
 0.15894459699999999
 0.15500536300000001
 0.15121382899999999
 0.14739938599999999
 0.14360901100000001
 0.140079805
 0.13659035
 0.13289110300000001
 0.12933525300000001
 0.12583591199999999


# name: Cex2
# type: matrix
# rows: 40
# columns: 1
 0.51463397300000002
 0.45242449000000001
 0.38085261399999998
 0.318447973
 0.26298809099999998
 0.223633844
 0.19351960600000001
 0.171523022
 0.157143378
 0.14117072
 0.125843976
 0.109863193
 0.092559656000000004
 0.076139786000000001
 0.061465498
 0.050775651999999998
 0.041810173999999999
 0.034259195999999999
 0.027769911000000001
 0.022435791
 0.017149476
 0.011905399000000001
 0.0077052170000000003
 0.0040755069999999999
 0.0016132150000000001
 0
 0
 0
 0
 0
 0
 0
 0
 0
 0
 0
 0
 0
 0
 0


# name: Cem2
# type: matrix
# rows: 106
# columns: 1
 0.0046446020000000003
 0.004638199
 0.0042776159999999997
 0.0041594459999999998
 0.0038838900000000001
 0.0038731450000000001
 0.003600327
 0.003521373
 0.0035267290000000001
 0.0034874139999999999
 0.003496608
 0.0033655809999999999
 0.0032913899999999999
 0.0032353120000000002
 0.003169472
 0.0029824600000000001
 0.0031153919999999998
 0.003797216
 0.0044554579999999998
 0.005230831
 0.005807665
 0.0062577350000000004
 0.0067663599999999999
 0.0074434970000000003
 0.0075256619999999998
 0.0075001190000000004
 0.0075529209999999998
 0.0076568649999999997
 0.0079747949999999998
 0.0082356300000000007
 0.0086348999999999992
 0.0091050699999999998
 0.0098805379999999995
 0.011032043
 0.01258252
 0.014385017999999999
 0.016593785999999999
 0.019031625999999999
 0.021818054999999999
 0.02495955
 0.028347876000000001
 0.032082593
 0.036139824000000001
 0.039988171000000003
 0.044572489999999999
 0.048762875999999997
 0.053706851
 0.058445882999999997
 0.062909815999999993
 0.067750065999999998
 0.072821770999999993
 0.077496993
 0.082239238000000006
 0.087654628999999998
 0.092279374999999997
 0.096773528999999997
 0.10139340299999999
 0.105851423
 0.109463424
 0.1127044
 0.11630902
 0.119680229
 0.122504446
 0.12568797700000001
 0.128200492
 0.130966306
 0.13311869200000001
 0.135245543
 0.13730251600000001
 0.13862353299999999
 0.14034384499999999
 0.14127956699999999
 0.14271579700000001
 0.14350861200000001
 0.14402352600000001
 0.14483594399999999
 0.14584603300000001
 0.146195307
 0.146974253
 0.14767039000000001
 0.148155491
 0.148351602
 0.14867407799999999
 0.148419367
 0.14834351800000001
 0.14805296800000001
 0.14765382299999999
 0.147210389
 0.146609873
 0.14561342899999999
 0.14447624100000001
 0.143563736
 0.142814688
 0.141562888
 0.140197238
 0.13906437299999999
 0.13740416499999999
 0.13585196399999999
 0.13448132400000001
 0.13258212
 0.130735342
 0.12917258300000001
 0.12764255499999999
 0.125754911
 0.123965388
 0.121947059


# name: Cex3
# type: matrix
# rows: 40
# columns: 1
 0.33028560099999998
 0.29631788399999998
 0.25642092599999999
 0.229136646
 0.21615485300000001
 0.21370292399999999
 0.21974185600000001
 0.22895987900000001
 0.23922295900000001
 0.243464558
 0.24187793499999999
 0.233197286
 0.219832789
 0.205477241
 0.19246380599999999
 0.17961616599999999
 0.16678632099999999
 0.151669944
 0.13461167299999999
 0.116927287
 0.097451505999999993
 0.074594305
 0.053545170000000003
 0.036337797999999998
 0.022135842999999999
 0.011858561
 0.0042096299999999998
 0
 0
 0
 0
 0
 0
 0
 0
 0
 0
 0
 0
 0


# name: Cem3
# type: matrix
# rows: 106
# columns: 1
 0
 0
 0
 0
 0
 0
 0
 0
 0
 0
 0
 0
 0
 0
 0
 0
 0
 0
 0
 0
 0
 0
 0
 0.00073855100000000005
 0.00031832600000000001
 0.00016694999999999999
 0
 0
 0
 0
 0
 0
 0
 4.4228299999999998e-05
 0.001922635
 0.0037935619999999999
 0.0074486170000000003
 0.011815340000000001
 0.016144200000000001
 0.021966767000000002
 0.027728688000000001
 0.034664423999999999
 0.042038039999999999
 0.04914607
 0.057177950999999998
 0.065101470999999994
 0.074673692
 0.084389032000000003
 0.093297070999999995
 0.10359136100000001
 0.113913632
 0.12384052500000001
 0.131346675
 0.14056755800000001
 0.147442509
 0.154362526
 0.159972266
 0.16504692500000001
 0.16913071399999999
 0.17181375300000001
 0.174421575
 0.17626111899999999
 0.17726504700000001
 0.178110566
 0.177480944
 0.177456477
 0.175495017
 0.17292882700000001
 0.17044131600000001
 0.16662105399999999
 0.16282692300000001
 0.15929643900000001
 0.155752902
 0.151995987
 0.148457795
 0.14456469899999999
 0.14106927399999999
 0.137602646
 0.13425807400000001
 0.130657627
 0.12697881799999999
 0.123147248
 0.11915609000000001
 0.115144369
 0.111336317
 0.107123702
 0.10336643299999999
 0.099865619000000003
 0.096135759000000001
 0.092815867999999996
 0.089237451999999995
 0.086402284999999995
 0.083708580000000005
 0.081100161000000004
 0.079119479000000006
 0.077580779000000002
 0.075796165999999998
 0.074303903000000004
 0.072764791999999995
 0.071177955000000001
 0.069675124000000005
 0.068560434000000003
 0.066862149999999995
 0.065232330000000005
 0.063341628999999997
 0.061604303999999999


