# Created by Octave 7.3.0, Sat Oct 14 01:18:23 2023 UTC <jovyan@224710f94f77>
# name: C
# type: scalar
6


# name: Cex
# type: matrix
# rows: 44
# columns: 1
 261
 264
 267
 270
 273
 276
 279
 282
 285
 288
 291
 294
 297
 300
 303
 306
 309
 312
 315
 318
 321
 324
 327
 330
 333
 336
 339
 342
 345
 348
 351
 354
 357
 360
 369
 378
 387
 396
 405
 414
 423
 432
 441
 450


# name: Cem
# type: matrix
# rows: 100
# columns: 1
 302
 305
 308
 311
 314
 317
 320
 323
 326
 329
 332
 335
 338
 341
 344
 347
 350
 353
 356
 359
 362
 365
 368
 371
 374
 377
 380
 383
 386
 389
 392
 395
 398
 401
 404
 407
 410
 413
 416
 419
 422
 425
 428
 431
 434
 437
 440
 443
 446
 449
 452
 455
 458
 461
 464
 467
 470
 473
 476
 479
 482
 485
 488
 491
 494
 497
 500
 503
 506
 509
 512
 515
 518
 521
 524
 527
 530
 533
 536
 539
 542
 545
 548
 551
 554
 557
 560
 563
 566
 569
 572
 575
 578
 581
 584
 587
 590
 593
 596
 599


# name: Cex1
# type: matrix
# rows: 44
# columns: 1
 0.17013855999999999
 0.15942298999999999
 0.14672809000000001
 0.13928742999999999
 0.14047593999999999
 0.14161795999999999
 0.14899823000000001
 0.15467922000000001
 0.1622122
 0.16999940999999999
 0.17869383999999999
 0.18667096
 0.19463151000000001
 0.20064014999999999
 0.20981781999999999
 0.21594273
 0.22114130000000001
 0.22444649999999999
 0.22555567000000001
 0.22317433
 0.21647742
 0.21032128
 0.20417409
 0.19555383000000001
 0.18556427
 0.17366752999999999
 0.16187654000000001
 0.14285058
 0.12152224
 0.1051019
 0.087758539999999996
 0.07355834
 0.062135460000000003
 0.050555120000000002
 0.021756899999999999
 0
 0
 0
 0
 0
 0
 0
 0
 0


# name: Cem1
# type: matrix
# rows: 100
# columns: 1
 0
 3.9000000000000002e-07
 2.2199999999999999e-06
 0
 8.0630000000000006e-05
 0
 0.0024311200000000002
 0.0028146199999999999
 0.00108018
 0.00032080999999999999
 0
 0.00012144
 0
 0.00078153999999999995
 0.0097811400000000007
 0.022544410000000001
 0.036135960000000002
 0.046511579999999997
 0.056270090000000002
 0.075969460000000003
 0.089424110000000001
 0.10520538
 0.12274266
 0.13737451000000001
 0.15548577
 0.17009431999999999
 0.17970415000000001
 0.18993874999999999
 0.20133532000000001
 0.20581526999999999
 0.21230563999999999
 0.21449093999999999
 0.21404449
 0.21468993
 0.21729768999999999
 0.21532733000000001
 0.20964179999999999
 0.2080967
 0.2022998
 0.19318483
 0.19153444999999999
 0.18161466000000001
 0.17630552999999999
 0.17074206
 0.16350653000000001
 0.15637994999999999
 0.14756319000000001
 0.14062698000000001
 0.13605407999999999
 0.12772612999999999
 0.1203507
 0.11295782
 0.10751094
 0.1030248
 0.097052620000000006
 0.088983010000000001
 0.084303829999999996
 0.079839510000000002
 0.072491310000000003
 0.068803959999999997
 0.065523189999999995
 0.060540419999999998
 0.056928079999999999
 0.052538410000000001
 0.049289840000000001
 0.046453059999999997
 0.042938829999999997
 0.038648479999999999
 0.03685244
 0.037222140000000001
 0.033551249999999998
 0.031936270000000003
 0.030704260000000001
 0.02719359
 0.027319139999999999
 0.027432519999999998
 0.024790800000000002
 0.019228390000000001
 0.016540880000000001
 0.019301909999999999
 0.017839859999999999
 0.019581250000000001
 0.01651412
 0.018920840000000001
 0.018327759999999998
 0.01314746
 0.01390021
 0.01633683
 0.01357325
 0.01336186
 0.01389573
 0.01398691
 0.01297182
 0.01335336
 0.0098466300000000003
 0.0085644799999999993
 0.012041899999999999
 0.0118207
 0.0076820200000000003
 0.0088053300000000001


# name: Cex2
# type: matrix
# rows: 44
# columns: 1
 0.29014524000000003
 0.28860335999999998
 0.27779129000000002
 0.26934299
 0.26107086000000002
 0.24328569999999999
 0.22885349999999999
 0.21049406000000001
 0.19437388
 0.17816617000000001
 0.16323887000000001
 0.15098253
 0.14005376999999999
 0.12836069999999999
 0.12182627
 0.11419622
 0.10872579
 0.10417426
 0.10067744000000001
 0.098737060000000001
 0.096833630000000004
 0.094984609999999997
 0.094166949999999999
 0.094341069999999999
 0.094797099999999995
 0.095531210000000005
 0.096219360000000004
 0.096916070000000007
 0.099334080000000005
 0.10058348
 0.10266879
 0.10593559
 0.10922755000000001
 0.11331165999999999
 0.12463987999999999
 0.12323829
 0.12035443
 0.11225404
 0.10071861999999999
 0.090513399999999994
 0.081928280000000006
 0.073607119999999998
 0.059946529999999998
 0.044335149999999997


# name: Cem2
# type: matrix
# rows: 100
# columns: 1
 0.00054469999999999996
 0.0035191300000000001
 0.0024697400000000002
 0.00017338999999999999
 0
 2.853e-05
 0
 3.1499999999999999e-06
 0
 2.8999999999999998e-07
 0
 1.1999999999999999e-07
 0
 6.7000000000000004e-07
 0
 6.4000000000000001e-07
 9.8900000000000002e-06
 0.00010207
 0.0017255700000000001
 0.00057989999999999995
 0
 6.9090000000000004e-05
 0
 0.00014425000000000001
 0
 0.0015167100000000001
 0.0064671399999999997
 0.00317381
 0.0024719799999999999
 0.00019773999999999999
 0
 4.0229999999999999e-05
 0
 4.6199999999999998e-06
 0
 1.13e-06
 0
 5.6099999999999997e-06
 0
 1.047e-05
 5.6679999999999999e-05
 0
 0.00489735
 0.0049521399999999998
 0.01475191
 0.036526549999999998
 0.051561870000000003
 0.058516949999999998
 0.065437519999999999
 0.069923120000000005
 0.083059510000000003
 0.11199757
 0.10749046
 0.10859043
 0.13142986000000001
 0.14066798
 0.14737641000000001
 0.15882581000000001
 0.161521
 0.16746226
 0.17427991000000001
 0.18247487000000001
 0.18858775
 0.18911028999999999
 0.19321979
 0.20372534
 0.19554709000000001
 0.19340915
 0.20474908999999999
 0.19355073
 0.18648877999999999
 0.18495818999999999
 0.18843999
 0.18500862000000001
 0.17909478000000001
 0.17377502
 0.17272683999999999
 0.16611859000000001
 0.15650475999999999
 0.15894432999999999
 0.15769573000000001
 0.15257225999999999
 0.14435761
 0.13242233
 0.13288648
 0.12966043999999999
 0.12415523000000001
 0.11549416999999999
 0.10781793000000001
 0.11258157000000001
 0.094721520000000003
 0.10197098
 0.080356810000000001
 0.080096109999999998
 0.084688079999999999
 0.079164680000000001
 0.068606120000000007
 0.061497379999999997
 0.069332089999999999
 0.060043640000000002


# name: Cex3
# type: matrix
# rows: 44
# columns: 1
 0.33171796999999997
 0.30139995000000003
 0.26749720999999999
 0.24168025000000001
 0.22315251999999999
 0.20586087
 0.19805123999999999
 0.19090625
 0.18893681000000001
 0.18520856999999999
 0.18777237999999999
 0.18697008000000001
 0.18637008999999999
 0.18661368
 0.18496198
 0.18268812000000001
 0.17820026
 0.17068354999999999
 0.16285819000000001
 0.15259437000000001
 0.14250201000000001
 0.1319506
 0.12140875
 0.11272449
 0.10405963999999999
 0.095396090000000003
 0.088100109999999995
 0.078394790000000006
 0.070186639999999995
 0.058982970000000003
 0.05032383
 0.04072021
 0.032410349999999997
 0.024530730000000001
 0.0026615499999999999
 0
 0
 0
 0
 0
 0
 0
 0
 0


