# Created by Octave 7.3.0, Sat Oct 14 01:14:09 2023 UTC <jovyan@224710f94f77>
# name: C
# type: scalar
6


# name: Cex
# type: matrix
# rows: 44
# columns: 1
 261
 264
 267
 270
 273
 276
 279
 282
 285
 288
 291
 294
 297
 300
 303
 306
 309
 312
 315
 318
 321
 324
 327
 330
 333
 336
 339
 342
 345
 348
 351
 354
 357
 360
 369
 378
 387
 396
 405
 414
 423
 432
 441
 450


# name: Cem
# type: matrix
# rows: 100
# columns: 1
 301
 304
 307
 310
 313
 316
 319
 322
 325
 328
 331
 334
 337
 340
 343
 346
 349
 352
 355
 358
 361
 364
 367
 370
 373
 376
 379
 382
 385
 388
 391
 394
 397
 400
 403
 406
 409
 412
 415
 418
 421
 424
 427
 430
 433
 436
 439
 442
 445
 448
 451
 454
 457
 460
 463
 466
 469
 472
 475
 478
 481
 484
 487
 490
 493
 496
 499
 502
 505
 508
 511
 514
 517
 520
 523
 526
 529
 532
 535
 538
 541
 544
 547
 550
 553
 556
 559
 562
 565
 568
 571
 574
 577
 580
 583
 586
 589
 592
 595
 598


# name: Cex1
# type: matrix
# rows: 44
# columns: 1
 0.20164093
 0.17888481000000001
 0.16508363000000001
 0.1579815
 0.15592279000000001
 0.15860915
 0.16286784000000001
 0.16927506
 0.1770583
 0.18433110999999999
 0.18886532
 0.19347091
 0.19903235999999999
 0.20390241000000001
 0.20887101999999999
 0.21223597999999999
 0.21396784999999999
 0.21334214000000001
 0.20942496999999999
 0.20438811000000001
 0.19793920000000001
 0.19144992999999999
 0.18443979999999999
 0.1769474
 0.16851493000000001
 0.15973440999999999
 0.14739846000000001
 0.13333895000000001
 0.11928034
 0.10609631
 0.093849790000000002
 0.08261578
 0.071483679999999994
 0.059932319999999997
 0.027911140000000001
 0.0091463800000000008
 0
 0
 0
 0
 0
 0
 0
 0


# name: Cem1
# type: matrix
# rows: 100
# columns: 1
 5.0540000000000001e-05
 0
 0.00011955000000000001
 5.4089999999999999e-05
 0
 4.34e-06
 0
 0
 2.83e-06
 0
 1.4960000000000001e-05
 0
 0
 0.0038295899999999999
 0.012287650000000001
 0.020392190000000001
 0.02856562
 0.038811760000000001
 0.047747949999999997
 0.058219550000000002
 0.070767880000000005
 0.080715599999999998
 0.092169340000000002
 0.10447793
 0.12181188
 0.13691747000000001
 0.15037160999999999
 0.16298229
 0.17414107000000001
 0.18356855
 0.19197591999999999
 0.20034989
 0.20683968
 0.21110017
 0.21712516000000001
 0.22158544999999999
 0.2212393
 0.22167297999999999
 0.22257582000000001
 0.21939330000000001
 0.21493235999999999
 0.21033101000000001
 0.20273596999999999
 0.19455923
 0.18871260000000001
 0.18176823
 0.17385940999999999
 0.16593262
 0.15617070999999999
 0.14779691
 0.13816721000000001
 0.12733580999999999
 0.11857848999999999
 0.10989109
 0.10044138
 0.092069369999999998
 0.082652760000000006
 0.075289460000000002
 0.067713029999999994
 0.06051633
 0.05408781
 0.048391579999999997
 0.043106220000000001
 0.037689819999999999
 0.032682429999999998
 0.02855328
 0.02453895
 0.021404179999999998
 0.019496929999999999
 0.01542725
 0.01321431
 0.01088013
 0.0086247700000000004
 0.0072547499999999999
 0.0060654100000000002
 0.0044508100000000004
 0.0028192099999999999
 0.0028586800000000002
 0.0019640199999999999
 0.0019867399999999999
 0.00211494
 0.00096535000000000002
 2.02e-05
 0.00012976
 0.00020672
 0
 7.1300000000000003e-06
 1.893e-05
 3.3760000000000002e-05
 5.1200000000000001e-06
 0
 8.0999999999999997e-07
 0
 8.0000000000000002e-08
 0
 0
 0
 0
 0
 0


# name: Cex2
# type: matrix
# rows: 44
# columns: 1
 0.31547695999999997
 0.28054200000000001
 0.25159164000000001
 0.2268889
 0.2088498
 0.19382590999999999
 0.18612671
 0.18348632000000001
 0.18437492999999999
 0.18757257999999999
 0.19251993000000001
 0.19743278
 0.20249027999999999
 0.20518360999999999
 0.20583874999999999
 0.20329685
 0.19792008
 0.18956845999999999
 0.17793758000000001
 0.16559919000000001
 0.15280029000000001
 0.13994381
 0.12829962
 0.11670833
 0.10636542
 0.09441418
 0.082365579999999994
 0.068227910000000003
 0.055277760000000002
 0.042823390000000003
 0.031852400000000003
 0.02200622
 0.013133590000000001
 0.0062098700000000001
 0
 0
 0
 0
 0
 0
 0
 0
 0
 0


# name: Cem2
# type: matrix
# rows: 100
# columns: 1
 0
 7.6569999999999994e-05
 0
 0.00075723999999999995
 0.00162828
 0.0010954300000000001
 0.00022353999999999999
 0
 0.00023424000000000001
 0.00076283000000000004
 0
 7.0500000000000003e-06
 1.823e-05
 0
 0.0025202599999999999
 0.00946754
 0.015678549999999999
 0.022145000000000001
 0.031100389999999999
 0.039665989999999998
 0.045678040000000003
 0.054363630000000003
 0.067680009999999999
 0.076218569999999999
 0.087778320000000007
 0.10147858
 0.10882575
 0.12140597
 0.13128239999999999
 0.13757059999999999
 0.14624582999999999
 0.15442755
 0.16078901000000001
 0.16790110999999999
 0.17278588
 0.17558293999999999
 0.18142083000000001
 0.18234719999999999
 0.18204986000000001
 0.18301233
 0.18259724999999999
 0.18030499999999999
 0.18098885000000001
 0.18193361
 0.17895673000000001
 0.17842575999999999
 0.17748415000000001
 0.17472552
 0.17133435
 0.16660096999999999
 0.16336415000000001
 0.15984667999999999
 0.15608520000000001
 0.15173328999999999
 0.14666646999999999
 0.14240794000000001
 0.13706848999999999
 0.13292805999999999
 0.12908111999999999
 0.12350464
 0.11940959
 0.11620978999999999
 0.11237743
 0.10800259
 0.10414718000000001
 0.10036762
 0.096181420000000004
 0.093713879999999999
 0.090183440000000004
 0.089314729999999995
 0.085332599999999995
 0.082653980000000002
 0.079829310000000001
 0.076052320000000007
 0.072980840000000005
 0.070164180000000007
 0.067531019999999997
 0.063496529999999995
 0.059860110000000001
 0.055634179999999998
 0.053360989999999997
 0.051779819999999997
 0.05031476
 0.046948749999999997
 0.043405180000000002
 0.041889750000000003
 0.039025070000000002
 0.036226149999999999
 0.034722999999999997
 0.033676570000000003
 0.03277331
 0.031275379999999998
 0.028722040000000001
 0.02579451
 0.023921769999999998
 0.023090699999999999
 0.021442900000000001
 0.019270579999999999
 0.019195879999999998
 0.019060810000000001


# name: Cex3
# type: matrix
# rows: 44
# columns: 1
 0.29660723999999999
 0.29366919000000002
 0.27451571000000002
 0.25128917000000001
 0.2217153
 0.19618967000000001
 0.16707959999999999
 0.13859684
 0.11035743000000001
 0.082848630000000006
 0.059116580000000002
 0.039028519999999997
 0.021076859999999999
 0.0089093699999999998
 0.0016286300000000001
 0.00062668000000000001
 0.00381198
 0.011342319999999999
 0.02541042
 0.040346300000000002
 0.05684297
 0.073475390000000002
 0.089412409999999998
 0.10567596
 0.12127941
 0.13752345999999999
 0.15557266
 0.17754357000000001
 0.19675295000000001
 0.21281521
 0.22405433999999999
 0.23216076999999999
 0.23831310999999999
 0.24250698000000001
 0.22124917999999999
 0.17591899
 0.12830229000000001
 0.078690319999999994
 0.042961840000000001
 0.016160170000000001
 0
 0
 0
 0


