# Created by Octave 7.3.0, Mon Oct 16 02:11:10 2023 UTC <jovyan@224710f94f77>
# name: C
# type: scalar
5


# name: Cex
# type: matrix
# rows: 40
# columns: 1
 260
 265
 270
 275
 280
 285
 290
 295
 300
 305
 310
 315
 320
 325
 330
 335
 340
 345
 350
 355
 360
 365
 370
 375
 380
 385
 390
 395
 400
 405
 410
 415
 420
 425
 430
 435
 440
 445
 450
 455


# name: Cem
# type: matrix
# rows: 211
# columns: 1
 290
 291
 292
 293
 294
 295
 296
 297
 298
 299
 300
 301
 302
 303
 304
 305
 306
 307
 308
 309
 310
 311
 312
 313
 314
 315
 316
 317
 318
 319
 320
 321
 322
 323
 324
 325
 326
 327
 328
 329
 330
 331
 332
 333
 334
 335
 336
 337
 338
 339
 340
 341
 342
 343
 344
 345
 346
 347
 348
 349
 350
 351
 352
 353
 354
 355
 356
 357
 358
 359
 360
 361
 362
 363
 364
 365
 366
 367
 368
 369
 370
 371
 372
 373
 374
 375
 376
 377
 378
 379
 380
 381
 382
 383
 384
 385
 386
 387
 388
 389
 390
 391
 392
 393
 394
 395
 396
 397
 398
 399
 400
 401
 402
 403
 404
 405
 406
 407
 408
 409
 410
 411
 412
 413
 414
 415
 416
 417
 418
 419
 420
 421
 422
 423
 424
 425
 426
 427
 428
 429
 430
 431
 432
 433
 434
 435
 436
 437
 438
 439
 440
 441
 442
 443
 444
 445
 446
 447
 448
 449
 450
 451
 452
 453
 454
 455
 456
 457
 458
 459
 460
 461
 462
 463
 464
 465
 466
 467
 468
 469
 470
 471
 472
 473
 474
 475
 476
 477
 478
 479
 480
 481
 482
 483
 484
 485
 486
 487
 488
 489
 490
 491
 492
 493
 494
 495
 496
 497
 498
 499
 500


# name: Cex1
# type: matrix
# rows: 40
# columns: 1
 0.34045073399999998
 0.29202942999999998
 0.25927683600000001
 0.24444886199999999
 0.239327823
 0.238643732
 0.24139463899999999
 0.244270602
 0.245944405
 0.247625755
 0.24541708200000001
 0.23656885899999999
 0.22540534600000001
 0.21134166600000001
 0.190877357
 0.16533399200000001
 0.137930145
 0.109253318
 0.082454788000000001
 0.057460591999999998
 0.034062523999999997
 0.014091562
 0
 0
 0
 0
 0
 0
 0
 0
 0
 0
 0
 0
 0
 0
 0
 0
 0
 0


# name: Cem1
# type: matrix
# rows: 211
# columns: 1
 0.00040861199999999998
 0.00064453500000000001
 0.00085835499999999999
 0.00073638499999999999
 0.00046142200000000001
 0.0010565049999999999
 0.00078656799999999997
 0.00064020699999999995
 0.00035275600000000002
 0.00045024000000000003
 0.00080953999999999998
 0.00069600200000000004
 0.00056151599999999997
 0.00020790199999999999
 6.6762300000000003e-05
 0
 0.00038916500000000002
 0.00061908899999999997
 0.00084035200000000005
 0.00068966000000000003
 0.00096544999999999997
 0.001034741
 0.00077761099999999999
 0.000358012
 0.00030783299999999998
 0.00059435599999999999
 0.00044132399999999999
 2.2966500000000001e-05
 0
 0
 0
 0
 0
 0
 0
 0
 0
 0
 0
 0
 0
 0
 0
 0
 0
 0
 0
 0.00029174300000000002
 0.001630792
 0.0033267140000000001
 0.0045352359999999998
 0.006317451
 0.0083671479999999996
 0.01066809
 0.012980681000000001
 0.014601248000000001
 0.016586726
 0.018799060999999999
 0.021145337
 0.023112609999999999
 0.024776609000000002
 0.027051797999999998
 0.029230032999999999
 0.031335975000000002
 0.033426285999999999
 0.035398948999999999
 0.037795042000000001
 0.040227680000000002
 0.042853623
 0.045504322999999999
 0.047535623999999999
 0.049791289000000002
 0.052232022000000003
 0.054599788000000003
 0.056866893000000002
 0.058825966
 0.060998636000000002
 0.063121862000000001
 0.065127553000000005
 0.067180083000000002
 0.068913786000000005
 0.070831969999999994
 0.072831092
 0.074745155999999993
 0.076689009000000002
 0.078408563000000001
 0.080005185000000006
 0.081231874999999995
 0.082372886000000006
 0.083459863999999995
 0.084315084999999998
 0.085674631000000001
 0.087052831999999997
 0.088255183000000001
 0.089182629999999999
 0.089816982000000004
 0.090769630000000004
 0.091711488999999993
 0.092675652999999997
 0.093659211000000006
 0.094507628999999996
 0.095448283999999994
 0.096385223000000006
 0.097127116999999999
 0.097880059000000005
 0.098973438999999996
 0.099811942000000001
 0.10063137900000001
 0.101395579
 0.102010954
 0.102686667
 0.10321878499999999
 0.103720953
 0.104028917
 0.104335024
 0.104862212
 0.10513711000000001
 0.105170664
 0.10527376300000001
 0.10525459600000001
 0.105175107
 0.105357568
 0.105406838
 0.105170025
 0.10500614699999999
 0.10490529899999999
 0.104711737
 0.10428390799999999
 0.103826152
 0.103390418
 0.102982719
 0.102552042
 0.102041033
 0.10157445
 0.101113904
 0.10041307100000001
 0.099695117999999999
 0.099272663999999997
 0.098796257999999998
 0.098166001000000003
 0.097533094000000001
 0.097005514000000001
 0.096437006000000006
 0.095727057000000004
 0.095170767000000003
 0.094542904999999997
 0.093798133000000006
 0.093263055999999997
 0.092733882000000004
 0.092031863000000005
 0.091345964000000002
 0.090678017
 0.090039215000000006
 0.089382677999999993
 0.088692356
 0.088067092
 0.087407311000000001
 0.086734600999999995
 0.086130815999999999
 0.085551114999999997
 0.084907996999999999
 0.084059470999999997
 0.083258146000000005
 0.082488633000000006
 0.081687857000000003
 0.080986903999999998
 0.080114940999999995
 0.079248418000000001
 0.078495124999999999
 0.077683112999999998
 0.076919578000000002
 0.076125093000000005
 0.075343217000000004
 0.074531334000000005
 0.073666533000000006
 0.072860052999999994
 0.071954087
 0.071166910999999999
 0.070449704000000002
 0.069634032999999998
 0.068773330999999993
 0.067946590000000001
 0.067270681999999998
 0.066515493999999994
 0.065696979000000003
 0.064979589000000004
 0.064316070000000003
 0.063635701000000003
 0.062902245999999995
 0.062175882000000002
 0.061465931000000001
 0.060799229000000003
 0.060202024
 0.059567717999999999
 0.058839798999999998
 0.058127884999999997
 0.057523548000000001
 0.056937050000000003
 0.056346313000000002
 0.055742231000000003
 0.055088259000000001
 0.054542515999999999
 0.054086337999999998
 0.053610167
 0.053087751000000002
 0.052506272999999999
 0.051913756999999998
 0.051322672999999999
 0.050808220000000001
 0.050332749000000003
 0.049697433999999999


# name: Cex2
# type: matrix
# rows: 40
# columns: 1
 0.28001779300000001
 0.26317649300000001
 0.222131579
 0.17683142199999999
 0.137022477
 0.112676639
 0.098409336
 0.091379952
 0.091092931000000002
 0.084692492999999994
 0.085298233000000001
 0.097505833
 0.110012015
 0.12602738599999999
 0.153976059
 0.18640904
 0.21972092100000001
 0.248231006
 0.26685990199999998
 0.28071785799999999
 0.28727001299999999
 0.28589761600000002
 0.266003404
 0.21505780799999999
 0.170128372
 0.132121815
 0.097771172000000003
 0.066530566999999999
 0.040717972999999998
 0.016998681000000002
 3.7712900000000003e-05
 0
 0
 0
 0
 0
 0
 0
 0
 0


