# Created by Octave 7.3.0, Mon Oct 09 02:54:24 2023 UTC <jovyan@224710f94f77>
# name: C
# type: scalar
4


# name: Cex
# type: matrix
# rows: 87
# columns: 1
 242
 245
 248
 251
 254
 257
 260
 263
 266
 269
 272
 275
 278
 281
 284
 287
 290
 293
 296
 299
 302
 305
 308
 311
 314
 317
 320
 323
 326
 329
 332
 335
 338
 341
 344
 347
 350
 353
 356
 359
 362
 365
 368
 371
 374
 377
 380
 383
 386
 389
 392
 395
 398
 401
 404
 407
 410
 413
 416
 419
 422
 425
 428
 431
 434
 437
 440
 443
 446
 449
 452
 455
 458
 461
 464
 467
 470
 473
 476
 479
 482
 485
 488
 491
 494
 497
 500


# name: Cem
# type: matrix
# rows: 250
# columns: 1
 245
 248
 250
 252
 254
 257
 259
 261
 263
 266
 268
 270
 272
 275
 277
 279
 281
 284
 286
 288
 290
 293
 295
 297
 299
 302
 304
 306
 308
 311
 313
 315
 318
 320
 322
 324
 327
 329
 331
 333
 336
 338
 340
 343
 345
 347
 349
 352
 354
 356
 358
 361
 363
 365
 368
 370
 372
 374
 377
 379
 381
 384
 386
 388
 391
 393
 395
 397
 400
 402
 404
 407
 409
 411
 414
 416
 418
 420
 423
 425
 427
 430
 432
 434
 437
 439
 441
 444
 446
 448
 450
 453
 455
 457
 460
 462
 464
 467
 469
 471
 474
 476
 478
 481
 483
 485
 488
 490
 492
 495
 497
 499
 502
 504
 506
 509
 511
 513
 516
 518
 520
 523
 525
 527
 530
 532
 534
 537
 539
 541
 544
 546
 548
 551
 553
 555
 558
 560
 562
 565
 567
 569
 572
 574
 576
 579
 581
 583
 586
 588
 590
 593
 595
 598
 600
 602
 605
 607
 609
 612
 614
 616
 619
 621
 623
 626
 628
 630
 633
 635
 638
 640
 642
 645
 647
 649
 652
 654
 656
 659
 661
 664
 666
 668
 671
 673
 675
 678
 680
 682
 685
 687
 690
 692
 694
 697
 699
 701
 704
 706
 709
 711
 713
 716
 718
 720
 723
 725
 728
 730
 732
 735
 737
 739
 742
 744
 747
 749
 751
 754
 756
 758
 761
 763
 766
 768
 770
 773
 775
 777
 780
 782
 785
 787
 789
 792
 794
 796
 799
 801
 804
 806
 808
 811
 813
 816
 818
 820
 823
 825


# name: Cex1
# type: matrix
# rows: 87
# columns: 1
 0.26825503000000001
 0.26273735999999998
 0.25166327999999999
 0.23752851999999999
 0.22034550999999999
 0.20114315999999999
 0.18332487
 0.16722913
 0.15262781
 0.14065768000000001
 0.13230855
 0.12599833999999999
 0.12459016000000001
 0.12471395
 0.12637418
 0.12971207000000001
 0.13340162
 0.13760058999999999
 0.14253444000000001
 0.14828184999999999
 0.15253057
 0.15637103999999999
 0.15919533
 0.16046276000000001
 0.16058685
 0.15991622999999999
 0.15782958999999999
 0.15415498999999999
 0.15037406
 0.14612238999999999
 0.1416306
 0.13675670000000001
 0.13098873999999999
 0.12433294
 0.11708712
 0.10619567000000001
 0.093777920000000001
 0.081974469999999994
 0.069996589999999997
 0.05865443
 0.049223889999999999
 0.040061399999999997
 0.031950220000000001
 0.02526202
 0.018607309999999998
 0.01304379
 0.0078450900000000007
 0.0033239099999999998
 0
 0
 0
 0
 0
 0
 0
 0
 0
 0
 0
 0
 0
 0
 0
 0
 0
 0
 0
 0
 0
 0
 0
 0
 0
 0
 0
 0
 0
 0
 0
 0
 0
 0
 0
 0
 0
 0
 0


# name: Cem1
# type: matrix
# rows: 250
# columns: 1
 0
 0
 0
 0
 0
 0
 0
 0
 0
 0
 0
 0
 0
 0
 0
 0
 0
 0
 0
 0
 0
 0
 0
 0
 0
 0
 0
 0
 0
 0
 0
 0
 0
 0
 0
 0
 0
 0
 0
 0
 0
 0
 0
 0
 0
 0.0044260000000000002
 0.0074349799999999999
 0.014278890000000001
 0.022188909999999999
 0.030023060000000001
 0.038240240000000002
 0.047627629999999997
 0.056982419999999999
 0.06419031
 0.075502979999999997
 0.083842810000000004
 0.095754010000000001
 0.10810334000000001
 0.1190276
 0.13351465000000001
 0.14711154000000001
 0.16119161000000001
 0.16993030000000001
 0.17844947
 0.18270016
 0.18687608999999999
 0.19025600000000001
 0.19016802999999999
 0.18719405
 0.18966459999999999
 0.19250131000000001
 0.19341042
 0.19392504999999999
 0.19280135000000001
 0.19201851
 0.18897610000000001
 0.18572168
 0.18125883000000001
 0.17716913000000001
 0.1718344
 0.16457648
 0.15699898000000001
 0.15015191999999999
 0.14391615999999999
 0.13782442
 0.13149828999999999
 0.12554650000000001
 0.11843181
 0.11240923
 0.10554471999999999
 0.099032289999999995
 0.092605679999999996
 0.087157180000000001
 0.081293889999999994
 0.075323139999999997
 0.0697633
 0.063561610000000004
 0.059407670000000003
 0.053585309999999997
 0.04874527
 0.044327390000000001
 0.040415159999999999
 0.03658409
 0.032956249999999999
 0.029880009999999999
 0.02694908
 0.02427868
 0.021657659999999999
 0.019658910000000002
 0.017387030000000001
 0.01537348
 0.01385168
 0.012041100000000001
 0.010891380000000001
 0.0098064299999999997
 0.0088665600000000008
 0.0072946599999999997
 0.0067611600000000004
 0.0059483699999999997
 0.00528189
 0.0047213200000000002
 0.0052515000000000001
 0.0078356399999999996
 0.00344232
 0.0028620199999999998
 0.0026419
 0.0023205500000000002
 0.0020781200000000001
 0.0023074100000000002
 0.0020493400000000002
 0.00247796
 0.0015013100000000001
 0.00216512
 0.00158399
 0.0016467299999999999
 0.00192494
 0.00163671
 0.0016940900000000001
 0.0019876400000000002
 0.00140216
 0.0015116299999999999
 0.0018307499999999999
 0.0010386900000000001
 0.0014141799999999999
 0.00061839999999999996
 0.00038687999999999998
 0.00016331000000000001
 0.00032768000000000001
 0
 0
 0
 0
 0
 0
 0
 0
 0
 0
 0
 0
 0
 0
 0
 0
 0
 0
 0
 0
 0
 0
 0
 0
 0
 0
 0
 0
 0
 0
 0
 0
 0
 0
 0
 0
 0
 0
 0
 0
 0
 0
 0
 0
 0
 0
 0.00034260999999999997
 0.00045326999999999998
 0
 0
 0
 0.00079102000000000003
 0.00078865000000000001
 0.00051135999999999998
 0
 0.00067772000000000004
 0.00031629999999999999
 0.0010733400000000001
 0.00055929000000000005
 0.00061074999999999996
 0.00069660999999999996
 0.00039172000000000002
 0.0010511299999999999
 0.0011848900000000001
 0.00060786
 0.00154718
 0.00098955000000000006
 0.00156061
 0.00153542
 0.00187312
 0.0014746
 0.0016642899999999999
 0.0016306599999999999
 0.0022640500000000001
 0.00181142
 0.00163097
 0.0025237900000000001
 0.0025288400000000001
 0.00182413
 0.00222544
 0.0017563500000000001
 0.0027860699999999999
 0.0023453300000000001
 0.0024603400000000001
 0.00175124
 0.0019147999999999999
 0.0027334299999999998
 0.0018882
 0.0024275999999999998
 0.0027014999999999999
 0.00252185
 0.0012005
 0.00122847
 0.00115
 0.00099335999999999999
 0.0010208999999999999
 0.0010720899999999999
 0.00093130999999999997
 0.0010718399999999999
 0.00095410000000000004
 0.00085771999999999997
 0.0011167600000000001


# name: Cex2
# type: matrix
# rows: 87
# columns: 1
 0.2299059
 0.22820293999999999
 0.22838551000000001
 0.22655215000000001
 0.22442508999999999
 0.22143351999999999
 0.21576085
 0.20732434999999999
 0.19560899000000001
 0.18267536000000001
 0.16862609000000001
 0.15743777
 0.14350968
 0.13269044999999999
 0.12437326
 0.11622543
 0.10950583999999999
 0.10368473
 0.099252709999999994
 0.09482351
 0.093959829999999994
 0.092931659999999999
 0.092640929999999996
 0.092875399999999997
 0.09339161
 0.094275529999999996
 0.096037399999999995
 0.098844760000000004
 0.10197610999999999
 0.1050112
 0.10788428
 0.11059131
 0.11278178
 0.11476185999999999
 0.11604663
 0.1192689
 0.12317834
 0.12605015
 0.12832729000000001
 0.1290608
 0.12721076000000001
 0.12428423
 0.12021078
 0.11549599000000001
 0.11107411
 0.10638452
 0.10129386
 0.096240220000000001
 0.089594629999999995
 0.078389959999999995
 0.069054790000000005
 0.060221330000000003
 0.05233939
 0.045462339999999997
 0.038745120000000001
 0.03305139
 0.027781569999999998
 0.023232360000000001
 0.019059920000000001
 0.015106430000000001
 0.011183510000000001
 0.0079035600000000004
 0.00514563
 0.0023952000000000001
 0.00044716999999999999
 0
 0
 0
 0
 0
 0
 0
 0
 0
 0
 0
 0
 0
 0
 0
 0
 0
 0
 0
 0
 0
 0


