# Created by Octave 7.3.0, Sat Sep 23 01:14:15 2023 UTC <jovyan@224710f94f77>
# name: C
# type: scalar
4


# name: Cex
# type: matrix
# rows: 51
# columns: 1
 200
 205
 210
 215
 220
 225
 230
 235
 240
 245
 250
 255
 260
 265
 270
 275
 280
 285
 290
 295
 300
 305
 310
 315
 320
 325
 330
 335
 340
 345
 350
 355
 360
 365
 370
 375
 380
 385
 390
 395
 400
 405
 410
 415
 420
 425
 430
 435
 440
 445
 450


# name: Cem
# type: matrix
# rows: 67
# columns: 1
 250
 255
 260
 265
 270
 275
 280
 285
 290
 295
 300
 305
 310
 315
 320
 325
 330
 335
 340
 345
 350
 355
 360
 365
 370
 375
 380
 385
 390
 395
 400
 405
 410
 415
 420
 425
 430
 435
 440
 445
 450
 455
 460
 465
 470
 475
 480
 485
 490
 495
 500
 505
 510
 515
 520
 525
 530
 535
 540
 545
 550
 555
 560
 565
 570
 575
 580


# name: Cex1
# type: matrix
# rows: 51
# columns: 1
 0
 0
 0
 0
 0
 0
 0
 0
 0.015100000000000001
 0.079200000000000007
 0.1386
 0.16639999999999999
 0.16819999999999999
 0.16089999999999999
 0.15659999999999999
 0.15609999999999999
 0.159
 0.1658
 0.1731
 0.17630000000000001
 0.1787
 0.1852
 0.19620000000000001
 0.2104
 0.22600000000000001
 0.2399
 0.24790000000000001
 0.24690000000000001
 0.2384
 0.22720000000000001
 0.21640000000000001
 0.20619999999999999
 0.1946
 0.17960000000000001
 0.16
 0.13750000000000001
 0.1145
 0.093700000000000006
 0.075800000000000006
 0.060999999999999999
 0.048599999999999997
 0.037999999999999999
 0.029399999999999999
 0.023
 0.017899999999999999
 0.0138
 0.010500000000000001
 0.0077999999999999996
 0.0057000000000000002
 0.0040000000000000001
 0.0027000000000000001


# name: Cem1
# type: matrix
# rows: 67
# columns: 1
 0
 0
 0
 0
 0
 0
 0
 0
 0
 0
 0
 0.0033
 0.0033999999999999998
 0.00040000000000000002
 0
 0
 0
 0.0067000000000000002
 0.02
 0.037699999999999997
 0.058200000000000002
 0.078799999999999995
 0.098799999999999999
 0.1174
 0.1343
 0.1492
 0.16270000000000001
 0.17530000000000001
 0.1875
 0.1996
 0.21110000000000001
 0.221
 0.22889999999999999
 0.2351
 0.2394
 0.24160000000000001
 0.24160000000000001
 0.23849999999999999
 0.23200000000000001
 0.2223
 0.21049999999999999
 0.19689999999999999
 0.18240000000000001
 0.16719999999999999
 0.152
 0.13730000000000001
 0.1237
 0.1113
 0.10009999999999999
 0.090200000000000002
 0.081799999999999998
 0.073599999999999999
 0.064399999999999999
 0.055100000000000003
 0.046399999999999997
 0.039100000000000003
 0.032599999999999997
 0.024400000000000002
 0.017000000000000001
 0.0109
 0.0061999999999999998
 0.0028
 0.001
 0.001
 0.0025000000000000001
 0.0048999999999999998
 0.0073000000000000001


# name: Cex2
# type: matrix
# rows: 51
# columns: 1
 0.0016000000000000001
 0.0016999999999999999
 0.0027000000000000001
 0.0035000000000000001
 0
 0
 0
 0
 0.032000000000000001
 0.072599999999999998
 0.1079
 0.14580000000000001
 0.2054
 0.29630000000000001
 0.39789999999999998
 0.46529999999999999
 0.46260000000000001
 0.38329999999999997
 0.25679999999999997
 0.1439
 0.073599999999999999
 0.039699999999999999
 0.025999999999999999
 0.020799999999999999
 0.016400000000000001
 0.0088999999999999999
 0
 0
 0
 0
 0
 0
 0
 0
 0
 0
 0
 0
 0
 0
 0
 0
 0
 0
 0
 0
 0
 0
 0
 0.00020000000000000001
 0.00040000000000000002


# name: Cem2
# type: matrix
# rows: 67
# columns: 1
 0
 0
 0
 0
 0
 0
 0
 0
 0.027400000000000001
 0.076799999999999993
 0.12809999999999999
 0.1731
 0.2142
 0.25490000000000002
 0.28949999999999998
 0.3135
 0.32390000000000002
 0.31740000000000002
 0.2969
 0.26910000000000001
 0.23810000000000001
 0.20730000000000001
 0.1782
 0.1515
 0.1283
 0.1085
 0.091899999999999996
 0.077899999999999997
 0.066199999999999995
 0.056500000000000002
 0.048099999999999997
 0.041000000000000002
 0.034000000000000002
 0.027799999999999998
 0.0229
 0.019099999999999999
 0.016299999999999999
 0.0146
 0.0137
 0.0134
 0.0138
 0.014200000000000001
 0.0144
 0.014
 0.012800000000000001
 0.010999999999999999
 0.0094999999999999998
 0.0083999999999999995
 0.0077999999999999996
 0.0067000000000000002
 0.0033999999999999998
 0
 0
 0
 0
 0
 0.0054000000000000003
 0.028000000000000001
 0.055199999999999999
 0.082400000000000001
 0.10539999999999999
 0.1123
 0.1087
 0.1009
 0.089200000000000002
 0.075600000000000001
 0.064199999999999993


# name: Cex3
# type: matrix
# rows: 51
# columns: 1
 0
 0
 0
 0
 0.041000000000000002
 0.1522
 0.28839999999999999
 0.38269999999999998
 0.38840000000000002
 0.31459999999999999
 0.2268
 0.17730000000000001
 0.17199999999999999
 0.19850000000000001
 0.23269999999999999
 0.25490000000000002
 0.25080000000000002
 0.2177
 0.16889999999999999
 0.13780000000000001
 0.1263
 0.1234
 0.1177
 0.1046
 0.083199999999999996
 0.055800000000000002
 0.028199999999999999
 0.0055999999999999999
 0
 0
 0
 0
 0
 0
 0
 0
 0
 0
 0
 0
 0
 0
 0
 0
 0
 0
 0
 0
 0
 0
 0


# name: Cem3
# type: matrix
# rows: 67
# columns: 1
 0
 0
 0
 0
 0
 0
 0.002
 0.0253
 0.0693
 0.12859999999999999
 0.19089999999999999
 0.2361
 0.25790000000000002
 0.25940000000000002
 0.25080000000000002
 0.2392
 0.2268
 0.21529999999999999
 0.20599999999999999
 0.19819999999999999
 0.19089999999999999
 0.18640000000000001
 0.1827
 0.1799
 0.17780000000000001
 0.17549999999999999
 0.1721
 0.1676
 0.16259999999999999
 0.156
 0.14860000000000001
 0.1404
 0.13220000000000001
 0.1237
 0.1149
 0.10639999999999999
 0.097699999999999995
 0.088400000000000006
 0.078
 0.066400000000000001
 0.053999999999999999
 0.042099999999999999
 0.0332
 0.027300000000000001
 0.0258
 0.029100000000000001
 0.032599999999999997
 0.036900000000000002
 0.039800000000000002
 0.039899999999999998
 0.036999999999999998
 0.031600000000000003
 0.024899999999999999
 0.018499999999999999
 0.0138
 0.0109
 0.0091999999999999998
 0.0067999999999999996
 0.0051000000000000004
 0.0038999999999999998
 0.0033
 0.0025999999999999999
 0.0023999999999999998
 0.0030000000000000001
 0.0040000000000000001
 0.0058999999999999999
 0.0080999999999999996


# name: Cex4
# type: matrix
# rows: 51
# columns: 1
 0.019900000000000001
 0.0118
 0.00080000000000000004
 0
 0
 0
 0
 0
 0.00050000000000000001
 0.052900000000000003
 0.1983
 0.41270000000000001
 0.5716
 0.55400000000000005
 0.34860000000000002
 0.121
 0.013899999999999999
 0
 0
 0
 0
 0
 0
 0
 0
 0
 0
 0.0019
 0.0094999999999999998
 0.016799999999999999
 0.0229
 0.0281
 0.032500000000000001
 0.035999999999999997
 0.037900000000000003
 0.038100000000000002
 0.037100000000000001
 0.035299999999999998
 0.032899999999999999
 0.031
 0.0292
 0.027400000000000001
 0.0258
 0.024299999999999999
 0.022800000000000001
 0.021399999999999999
 0.020199999999999999
 0.019
 0.017500000000000002
 0.015800000000000002
 0.014200000000000001


# name: Cem4
# type: matrix
# rows: 67
# columns: 1
 0.00059999999999999995
 0.0019
 0.0020999999999999999
 0
 0
 0
 0
 0
 0
 0
 0
 0
 0.0089999999999999993
 0.015299999999999999
 0.017000000000000001
 0.0167
 0.0146
 0.0111
 0.0067000000000000002
 0.0023999999999999998
 0
 0
 0
 0
 0
 0
 0
 0
 0
 0
 0
 0.00059999999999999995
 0.0076
 0.015100000000000001
 0.021999999999999999
 0.028400000000000002
 0.033599999999999998
 0.038100000000000002
 0.041599999999999998
 0.0436
 0.0453
 0.046300000000000001
 0.046399999999999997
 0.045999999999999999
 0.044900000000000002
 0.043099999999999999
 0.0407
 0.0395
 0.0448
 0.066600000000000006
 0.1139
 0.1847
 0.2646
 0.34150000000000003
 0.40079999999999999
 0.43109999999999998
 0.41999999999999998
 0.35349999999999998
 0.25619999999999998
 0.14299999999999999
 0.035000000000000003
 0
 0
 0
 0
 0
 0


