# Created by Octave 7.3.0, Sat Sep 16 01:41:18 2023 UTC <jovyan@224710f94f77>
# name: C
# type: scalar
3


# name: Cex
# type: matrix
# rows: 41
# columns: 1
 250
 255
 260
 265
 270
 275
 280
 285
 290
 295
 300
 305
 310
 315
 320
 325
 330
 335
 340
 345
 350
 355
 360
 365
 370
 375
 380
 385
 390
 395
 400
 405
 410
 415
 420
 425
 430
 435
 440
 445
 450


# name: Cem
# type: matrix
# rows: 100
# columns: 1
 213
 216
 219
 222
 226
 229
 232
 235
 238
 241
 245
 248
 251
 254
 257
 261
 264
 267
 270
 273
 277
 280
 283
 286
 290
 293
 296
 299
 302
 306
 309
 312
 315
 319
 322
 325
 328
 332
 335
 338
 341
 345
 348
 351
 354
 358
 361
 364
 367
 371
 374
 377
 380
 384
 387
 390
 393
 397
 400
 403
 407
 410
 413
 416
 420
 423
 426
 430
 433
 436
 440
 443
 446
 449
 453
 456
 459
 463
 466
 469
 473
 476
 479
 482
 486
 489
 492
 496
 499
 502
 506
 509
 512
 516
 519
 522
 526
 529
 532
 536


# name: Cex1
# type: matrix
# rows: 41
# columns: 1
 0.37417696499999997
 0.34070404399999998
 0.28001895700000001
 0.24241378699999999
 0.21485072899999999
 0.20089880600000001
 0.19889098499999999
 0.20457584400000001
 0.210236968
 0.21692284000000001
 0.22444294200000001
 0.23065350300000001
 0.23271055500000001
 0.21427075700000001
 0.19176114699999999
 0.17859077400000001
 0.15511203700000001
 0.139855532
 0.11471848900000001
 0.090656790000000001
 0.075894434999999996
 0.050510706000000002
 0.034174665
 0.024765796
 0.0073058690000000004
 0
 0
 0
 0
 0
 0
 0
 0
 0
 0
 0
 0.0073371310000000002
 0.005891861
 0.0032433319999999998
 0
 0


# name: Cem1
# type: matrix
# rows: 100
# columns: 1
 0
 4.4862399999999999e-05
 0.00016869000000000001
 0.00037227899999999999
 0.00065648799999999999
 0.0010222460000000001
 0.0014702980000000001
 0.0020014880000000001
 0.002616836
 0.0033170410000000002
 0.0041032109999999998
 0.0049756820000000004
 0.0059361600000000002
 0.006984657
 0.0081226300000000005
 0.0093502480000000002
 0.010669575000000001
 0.012080271
 0.013583568000000001
 0.015180878
 0.016872574000000001
 0.018659618999999999
 0.020542775999999999
 0.022523594000000001
 0.024601715999999999
 0.026779359999999999
 0.029055997
 0.031433942999999999
 0.033913446
 0.03649529
 0.039180539
 0.041969064
 0.046250187999999998
 0.050100599000000003
 0.052171314000000003
 0.051833375000000001
 0.049150842
 0.044565481999999997
 0.040002383000000002
 0.035924982000000001
 0.034845041
 0.038087529000000002
 0.042109049000000003
 0.050223280000000002
 0.060119157999999999
 0.071410337000000004
 0.084275502000000002
 0.098808338999999995
 0.111642978
 0.12309371299999999
 0.134102728
 0.14264337299999999
 0.15066895299999999
 0.15823288299999999
 0.16544937100000001
 0.173753978
 0.18264079699999999
 0.18876682
 0.19512433100000001
 0.201727612
 0.205223082
 0.20597286100000001
 0.20559928099999999
 0.20521109600000001
 0.20523681299999999
 0.20387855099999999
 0.199909999
 0.19573873999999999
 0.190804111
 0.18526952099999999
 0.17864287000000001
 0.17189220299999999
 0.165440851
 0.15837127000000001
 0.15105832799999999
 0.136070368
 0.121633965
 0.107823682
 0.093462264000000003
 0.079206636999999996
 0.065342011000000005
 0.052976575999999997
 0.040831056999999997
 0.037056075000000001
 0.034976949
 0.033069497000000003
 0.031276867999999999
 0.030633105000000001
 0.029997808000000001
 0.028917096999999999
 0.028735142000000002
 0.028234835
 0.025898299999999999
 0.023529715
 0.021268107000000001
 0.019372905999999999
 0.017308879999999999
 0.015282832999999999
 0.013632202
 0.012550594999999999


# name: Cex2
# type: matrix
# rows: 41
# columns: 1
 0
 0
 0.12790487
 0.170033666
 0.211057627
 0.223562759
 0.22692163900000001
 0.22001963899999999
 0.20299758700000001
 0.189237773
 0.170602173
 0.15909832400000001
 0.14910374700000001
 0.157714822
 0.16599381999999999
 0.16955072400000001
 0.18028287500000001
 0.18819839099999999
 0.19947145999999999
 0.20831405
 0.21076630700000001
 0.21720751899999999
 0.21865015300000001
 0.216437937
 0.20930853799999999
 0.19004570200000001
 0.16774597499999999
 0.15254746699999999
 0.133009239
 0.109374609
 0.086768482999999993
 0.076814116000000002
 0.063864710000000005
 0.057735084999999998
 0.048872295000000003
 0.037241772999999999
 0.036527847000000002
 0.029266479000000001
 0.017320116
 0
 0


# name: Cem2
# type: matrix
# rows: 100
# columns: 1
 0
 0
 0
 0
 0
 0
 0
 0
 0
 0
 0
 0
 0
 0
 0
 0
 0
 0
 0
 0
 0
 0
 0
 0
 0
 0
 0
 0
 0
 0
 0
 0
 0
 0
 0
 0
 0.0035497110000000001
 0.012264617
 0.021795885000000001
 0.031345185999999997
 0.039988230999999999
 0.046375755999999997
 0.052266091000000001
 0.055377012000000003
 0.058230153999999999
 0.059106266999999997
 0.058554764000000002
 0.058002426000000003
 0.057330203000000003
 0.056325815000000001
 0.055738585
 0.055418572999999999
 0.055515173000000001
 0.056094511999999999
 0.057019347999999997
 0.058539346999999999
 0.060641437999999999
 0.062924896999999994
 0.066157636000000006
 0.070254946999999998
 0.074501323999999994
 0.079444262000000002
 0.084620158000000001
 0.090004892000000003
 0.095167791000000002
 0.100816243
 0.10546380399999999
 0.11143713
 0.115800393
 0.119813985
 0.12558576599999999
 0.131052486
 0.13448860100000001
 0.139113659
 0.141685063
 0.15126504900000001
 0.161231298
 0.17050732499999999
 0.179827392
 0.189831324
 0.19961211200000001
 0.20735140099999999
 0.214682184
 0.21140457100000001
 0.205765266
 0.19996688100000001
 0.193235086
 0.18571334
 0.178575505
 0.17153824000000001
 0.16345695700000001
 0.155437615
 0.148253736
 0.14033346199999999
 0.13281431399999999
 0.12654194899999999
 0.12085591800000001
 0.116118505
 0.111183082
 0.099131582999999995


# name: Cex3
# type: matrix
# rows: 41
# columns: 1
 0.30021721899999998
 0.30707919299999997
 0.32448155499999998
 0.36805175800000001
 0.39127719300000002
 0.40378037500000002
 0.34679384499999999
 0.26189997700000001
 0.19954459299999999
 0.120237732
 0.089776455000000005
 0.061844457999999998
 0.055430397999999999
 0.016947335000000001
 0.0028677490000000002
 0
 0
 0
 0
 0
 0
 0
 0
 0
 0.001103903
 0
 0
 0
 0
 0
 0
 0
 0
 0
 0
 0
 0.012707009
 0.010171952999999999
 0.0058126419999999998
 0
 0


# name: Cem3
# type: matrix
# rows: 100
# columns: 1
 0
 0.00013718000000000001
 0.00052758099999999995
 0.0011733620000000001
 0.0020767260000000001
 0.003240284
 0.0046659930000000002
 0.0063560439999999999
 0.0083133180000000001
 0.010539540999999999
 0.013037745999999999
 0.015808639999999999
 0.018857188
 0.022182837
 0.025790032000000001
 0.029678762000000001
 0.033855048999999998
 0.038317373000000002
 0.043069343000000003
 0.048114816999999997
 0.053454687000000001
 0.059091179000000001
 0.065026723999999994
 0.071265646000000002
 0.077806304000000007
 0.084655082000000006
 0.091810170999999996
 0.099278199999999997
 0.10705959800000001
 0.11515663
 0.12357178000000001
 0.13230410300000001
 0.14408085500000001
 0.159188513
 0.174438964
 0.192910422
 0.21554083399999999
 0.234301649
 0.250770667
 0.26533850599999997
 0.271088253
 0.26560283000000001
 0.259151725
 0.24436281000000001
 0.22827898899999999
 0.20788814899999999
 0.18492671899999999
 0.161524372
 0.14086464300000001
 0.12294838299999999
 0.10608751499999999
 0.093359977999999996
 0.081503564000000001
 0.070588083999999995
 0.060463889
 0.049089583999999999
 0.036144837999999999
 0.027510778999999999
 0.017945068000000002
 0.0076818629999999997
 0.001425623
 0
 0
 0
 0
 0
 0.0035363719999999999
 0.0073981070000000001
 0.012450910000000001
 0.018015366000000001
 0.023470845000000001
 0.028775947999999999
 0.034127927000000002
 0.039262493000000002
 0.043795549000000003
 0.047188475000000001
 0.050780472
 0.054170696999999997
 0.055022999000000003
 0.055716350999999997
 0.056282764999999998
 0.052774328000000002
 0.04906257
 0.046589897999999998
 0.040074057000000003
 0.033582392000000003
 0.029734999000000002
 0.022695605000000001
 0.015839450000000001
 0.011777077
 0.0054071179999999998
 0
 0
 0
 0
 0
 0
 0
 0
 0


