# Created by Octave 7.3.0, Sat Oct 07 14:11:03 2023 UTC <jovyan@224710f94f77>
# name: C
# type: scalar
4


# name: Cex
# type: matrix
# rows: 47
# columns: 1
 250
 255
 260
 265
 270
 275
 280
 285
 290
 295
 300
 305
 310
 315
 320
 325
 330
 335
 340
 345
 350
 355
 360
 365
 370
 375
 380
 385
 390
 395
 400
 405
 410
 415
 420
 425
 430
 435
 440
 445
 450
 455
 460
 465
 470
 475
 480


# name: Cem
# type: matrix
# rows: 73
# columns: 1
 240
 245
 250
 255
 260
 265
 270
 275
 280
 285
 290
 295
 300
 305
 310
 315
 320
 325
 330
 335
 340
 345
 350
 355
 360
 365
 370
 375
 380
 385
 390
 395
 400
 405
 410
 415
 420
 425
 430
 435
 440
 445
 450
 455
 460
 465
 470
 475
 480
 485
 490
 495
 500
 505
 510
 515
 520
 525
 530
 535
 540
 545
 550
 555
 560
 565
 570
 575
 580
 585
 590
 595
 600


# name: Cex1
# type: matrix
# rows: 47
# columns: 1
 0.30281245899999998
 0.304510585
 0.29952320199999999
 0.28237982700000003
 0.25623769600000001
 0.22370065
 0.194351837
 0.17376503800000001
 0.16024590999999999
 0.152779731
 0.15279273700000001
 0.156069394
 0.162290133
 0.161584907
 0.16368036399999999
 0.16529864599999999
 0.16737590599999999
 0.16835636700000001
 0.168790515
 0.165443546
 0.16065432099999999
 0.15468146199999999
 0.14819950400000001
 0.13964954299999999
 0.12936494600000001
 0.11291672799999999
 0.095788121000000004
 0.079575756999999997
 0.065532470999999995
 0.053400453000000001
 0.042585303999999997
 0.032267948999999997
 0.022508853999999998
 0.014190833
 0.0068993709999999996
 0.001077597
 0
 0
 0
 0
 0
 0
 0
 0
 0
 0
 0


# name: Cem1
# type: matrix
# rows: 73
# columns: 1
 0
 0
 0
 0
 0
 0
 0
 0
 0
 0
 0
 0
 0
 0
 0
 0
 0
 0
 0
 0
 0
 0
 0
 0
 0
 0
 0
 0.0094321040000000002
 0.026480627
 0.042811252000000001
 0.062914709999999999
 0.081565450999999997
 0.10143932899999999
 0.123476736
 0.14612238
 0.172668566
 0.19683224599999999
 0.222381419
 0.24568773199999999
 0.25842059000000001
 0.26235960400000002
 0.26422396199999998
 0.26196997500000002
 0.25404808600000001
 0.24614356100000001
 0.23517555900000001
 0.22253524399999999
 0.21167148
 0.196923601
 0.18444338199999999
 0.16805684200000001
 0.15243886800000001
 0.137463691
 0.12415284
 0.109795563
 0.097862737000000005
 0.086881921000000001
 0.075267344
 0.067638986999999998
 0.059443888
 0.052754115999999997
 0.046459647999999999
 0.041352534000000003
 0.034344632
 0.029800146
 0.026288095000000001
 0.022643584000000001
 0.019142181000000001
 0.017744171
 0.014875798000000001
 0.011722832000000001
 0.0096587559999999992
 0.0093160959999999994


# name: Cex2
# type: matrix
# rows: 47
# columns: 1
 0.28377708899999998
 0.281714409
 0.275327659
 0.27212150400000001
 0.268312579
 0.25867066300000002
 0.241248931
 0.222909145
 0.203695869
 0.186308275
 0.17144775800000001
 0.159201332
 0.14778038299999999
 0.14023696199999999
 0.13280741900000001
 0.12701188899999999
 0.122205889
 0.118609835
 0.114738037
 0.11225289500000001
 0.109948408
 0.108500866
 0.10859925600000001
 0.10882035900000001
 0.107601314
 0.108719156
 0.10816699
 0.106364843
 0.103340509
 0.099533352000000005
 0.095889644999999996
 0.091421601000000005
 0.087616147000000005
 0.083843797999999997
 0.080306058999999999
 0.076231587000000003
 0.069776062
 0.062857080999999995
 0.056528920000000003
 0.050799529000000003
 0.046263533000000003
 0.041386932000000001
 0.037423045000000002
 0.034006557999999999
 0.031274956999999999
 0.028790989999999999
 0.025457469


# name: Cem2
# type: matrix
# rows: 73
# columns: 1
 0
 0
 0
 0
 0
 0
 0
 0
 0
 0
 0
 0
 0
 0
 0
 0
 0
 0
 0
 0
 0
 0
 0
 0
 0
 0
 0.0016296279999999999
 0.0023785189999999999
 0
 0
 0
 0
 0
 0
 0
 0
 0
 0
 0.00048050499999999999
 0.015095177
 0.033005929000000003
 0.053542331999999998
 0.073763053999999995
 0.098689266999999997
 0.120383638
 0.141581384
 0.15968944099999999
 0.17336089399999999
 0.18963888800000001
 0.20146298900000001
 0.21040698199999999
 0.21921285300000001
 0.22551078499999999
 0.22949977899999999
 0.23087266100000001
 0.231634163
 0.229506712
 0.22480166400000001
 0.21997814299999999
 0.214291854
 0.205080504
 0.196880746
 0.18739909099999999
 0.18038723300000001
 0.17067358399999999
 0.16123722700000001
 0.151580144
 0.142541477
 0.13185756000000001
 0.122589296
 0.115087316
 0.106984758
 0.098243364


# name: Cex3
# type: matrix
# rows: 47
# columns: 1
 0.35302976200000002
 0.32019383600000001
 0.27968903499999997
 0.236289688
 0.210129913
 0.199781337
 0.200377219
 0.210551443
 0.220987989
 0.23250036199999999
 0.23888896900000001
 0.24064348399999999
 0.23560782699999999
 0.22235533900000001
 0.20386196700000001
 0.18346246899999999
 0.15997399500000001
 0.13788814199999999
 0.11150702999999999
 0.089296525000000002
 0.066794483000000002
 0.043356275999999999
 0.026146932000000001
 0.012592223
 0.00073731299999999997
 0
 0
 0
 0
 0
 0
 0
 0
 0
 0
 0
 0
 0
 0
 5.4428500000000002e-05
 0.000100225
 0
 0
 0
 0
 0
 0


# name: Cem3
# type: matrix
# rows: 73
# columns: 1
 0
 0
 0
 0
 0
 0
 0
 0
 0
 0
 0
 0
 0
 0.000871604
 0.0053586959999999996
 0.0092443290000000008
 0.013967267
 0.021766878999999999
 0.032070385999999999
 0.043499398000000002
 0.058901719999999998
 0.076617208000000006
 0.094200527000000006
 0.12036303499999999
 0.14342423300000001
 0.17367627099999999
 0.20269770500000001
 0.22127353399999999
 0.233529032
 0.248577831
 0.256615765
 0.26820059200000002
 0.276473835
 0.27783845200000001
 0.275507375
 0.26362217700000001
 0.249376296
 0.22929998700000001
 0.20936475800000001
 0.18175243499999999
 0.159034171
 0.13443246
 0.112709589
 0.092561383999999997
 0.073515765999999996
 0.058721697000000003
 0.046000045000000003
 0.036819522
 0.025119473
 0.016089375999999999
 0.0099116959999999994
 0.0051712809999999998
 0.002407658
 4.5136000000000003e-05
 0.000145699
 0
 0
 0
 0
 0
 0
 0.0016036049999999999
 0
 0.0023776040000000002
 0.0029143979999999999
 0.0026977849999999999
 0.0028418620000000001
 0.0029398419999999998
 0.0018032320000000001
 0
 0.002840282
 0.001703113
 0


# name: Cex4
# type: matrix
# rows: 47
# columns: 1
 0.37497498000000001
 0.32977198299999999
 0.32062996799999999
 0.32188611299999997
 0.33668231199999998
 0.33344536899999999
 0.30305561600000003
 0.255894134
 0.232378274
 0.19254542499999999
 0.16951234600000001
 0.13429308700000001
 0.089410314000000005
 0.064807659000000004
 0.049243845000000001
 0.040607870999999997
 0.034368713000000002
 0.029564132999999999
 0.02626496
 0.023578841
 0.022165016999999999
 0.020365175999999999
 0.020227688000000001
 0.019264917999999999
 0.018797498999999999
 0.017448648000000001
 0.01644348
 0.015432468
 0.014421132
 0.013562124
 0.013321553999999999
 0.012427262
 0.012007331
 0.011556421000000001
 0.01083636
 0.010432172
 0.010459352999999999
 0.01014728
 0.0099355220000000005
 0.009727121
 0.0095606730000000004
 0.009160049
 0.0086792029999999999
 0.007776916
 0.0074285740000000003
 0.0073957459999999999
 0.0067653540000000003


