# Created by Octave 7.3.0, Mon Oct 09 02:33:13 2023 UTC <jovyan@224710f94f77>
# name: C
# type: scalar
9


# name: Cex
# type: matrix
# rows: 47
# columns: 1
 220
 225
 230
 235
 240
 245
 250
 255
 260
 265
 270
 275
 280
 285
 290
 295
 300
 305
 310
 315
 320
 325
 330
 335
 340
 345
 350
 355
 360
 365
 370
 375
 380
 385
 390
 395
 400
 405
 410
 415
 420
 425
 430
 435
 440
 445
 450


# name: Cem
# type: matrix
# rows: 81
# columns: 1
 280
 284
 288
 292
 296
 300
 304
 308
 312
 316
 320
 324
 328
 332
 336
 340
 344
 348
 352
 356
 360
 364
 368
 372
 376
 380
 384
 388
 392
 396
 400
 404
 408
 412
 416
 420
 424
 428
 432
 436
 440
 444
 448
 452
 456
 460
 464
 468
 472
 476
 480
 484
 488
 492
 496
 500
 504
 508
 512
 516
 520
 524
 528
 532
 536
 540
 544
 548
 552
 556
 560
 564
 568
 572
 576
 580
 584
 588
 592
 596
 600


# name: Cex1
# type: matrix
# rows: 47
# columns: 1
 0.18394799000000001
 0.23454767000000001
 0.26146429999999998
 0.25689225999999998
 0.24601376999999999
 0.24456899000000001
 0.2429171
 0.23758218
 0.23521339999999999
 0.21988342999999999
 0.2010016
 0.17778726
 0.14793052000000001
 0.13207521
 0.12153977000000001
 0.11386025
 0.11116482
 0.11045178999999999
 0.11369989
 0.11719333999999999
 0.12118619999999999
 0.12883621000000001
 0.13480876999999999
 0.14001780999999999
 0.14344124999999999
 0.14642712999999999
 0.14838345
 0.14690681999999999
 0.14148995
 0.13214447000000001
 0.12376934000000001
 0.11145159
 0.099517179999999997
 0.083353280000000002
 0.066297480000000006
 0.051741570000000001
 0.039602699999999998
 0.029578980000000001
 0.021692260000000001
 0.01473358
 0.0083003199999999999
 0.0033908100000000002
 0
 0
 0
 0
 0


# name: Cem1
# type: matrix
# rows: 81
# columns: 1
 0.00029524
 0.00013474
 0
 0
 0
 0
 0
 0
 0
 0
 0
 0
 0
 0
 0.00025805000000000001
 0.0018872699999999999
 0.0018447400000000001
 0.00310984
 0
 0
 0
 0
 0
 0
 0
 0
 0
 0.01326164
 0.030662450000000001
 0.046509370000000001
 0.064639489999999994
 0.083501770000000003
 0.10735374
 0.12769647000000001
 0.15136691999999999
 0.17537559
 0.20116270999999999
 0.2177502
 0.23094117
 0.23795063
 0.24097123000000001
 0.2410052
 0.24373669000000001
 0.24441731999999999
 0.24212713
 0.23797834000000001
 0.2287498
 0.21907757
 0.20554069999999999
 0.19202532999999999
 0.17851128999999999
 0.16438132999999999
 0.14985064000000001
 0.13608639
 0.12426469
 0.11184916
 0.1012957
 0.090282619999999994
 0.081232059999999995
 0.072752399999999995
 0.064416689999999999
 0.057597009999999997
 0.05114867
 0.045503979999999999
 0.039140290000000001
 0.033888880000000003
 0.029173879999999999
 0.025305609999999999
 0.021732250000000002
 0.018679970000000001
 0.016100529999999998
 0.014297819999999999
 0.011685920000000001
 0.010413779999999999
 0.0086997099999999994
 0.0072812500000000004
 0.0067681800000000004
 0.0056544899999999999
 0.0040243500000000003
 0.0040527499999999999
 0.00244159


# name: Cex2
# type: matrix
# rows: 47
# columns: 1
 0.20988481
 0.25909503
 0.28431273000000001
 0.27772442000000003
 0.26679396
 0.25885966999999999
 0.24515107
 0.21654285000000001
 0.18379038
 0.15747770999999999
 0.13491797
 0.12563585999999999
 0.11782658999999999
 0.12286891
 0.13229832
 0.14697344000000001
 0.15992521000000001
 0.17135532000000001
 0.18190012
 0.18876378999999999
 0.19090994
 0.19107875999999999
 0.18190379000000001
 0.16935185999999999
 0.15429894999999999
 0.13483902
 0.10891242
 0.081171530000000006
 0.058911110000000003
 0.042010649999999997
 0.027238689999999999
 0.014159959999999999
 0.0045531
 0
 0
 0
 0
 0
 0
 0
 0
 0
 0.00094976000000000001
 0.00087763999999999995
 0.00094112999999999998
 0.00072296000000000003
 0.00025292000000000001


# name: Cem2
# type: matrix
# rows: 81
# columns: 1
 0.00034212000000000001
 0.00063462000000000002
 0.00026211000000000002
 0
 0
 0
 0
 0
 0
 0
 0
 0
 0
 0
 0
 0
 0
 0.00099668000000000001
 0.015666579999999999
 0.031308320000000001
 0.04903768
 0.070529320000000006
 0.09390134
 0.12123115
 0.15066528000000001
 0.18369242999999999
 0.21377842
 0.23353731999999999
 0.24509943000000001
 0.25713562000000001
 0.26386648000000001
 0.26922460999999998
 0.26772816999999999
 0.26576487999999998
 0.25728687
 0.24684278000000001
 0.22961040999999999
 0.21093073000000001
 0.19116929999999999
 0.17052466999999999
 0.15400262000000001
 0.1397986
 0.12377412
 0.11106758
 0.099332279999999995
 0.087089349999999996
 0.074616749999999996
 0.064237820000000001
 0.055844949999999997
 0.048386159999999998
 0.040685829999999999
 0.033990289999999999
 0.029260100000000001
 0.024442820000000001
 0.021329509999999999
 0.01869148
 0.016472529999999999
 0.014398609999999999
 0.012535370000000001
 0.011712490000000001
 0.01079721
 0.01001326
 0.0094208399999999998
 0.0091304300000000001
 0.0088447500000000002
 0.0083605099999999998
 0.0083058699999999999
 0.0078331000000000008
 0.0076852300000000004
 0.0076915999999999998
 0.0075483399999999997
 0.0065743599999999996
 0.0071401299999999997
 0.0065325699999999997
 0.0068862000000000003
 0.0066548199999999997
 0.0063512899999999999
 0.0060171799999999996
 0.00621209
 0.0057599699999999997
 0.0061746300000000004


# name: Cex3
# type: matrix
# rows: 47
# columns: 1
 0.41949067000000001
 0.39268135999999998
 0.38449219000000001
 0.33442931999999997
 0.30245933000000003
 0.2750842
 0.24872606999999999
 0.21966976999999999
 0.19953139
 0.15752060000000001
 0.1338461
 0.10740079
 0.085823780000000002
 0.075513140000000006
 0.068049760000000001
 0.064668299999999998
 0.060396680000000001
 0.057119429999999999
 0.053169769999999998
 0.046998249999999998
 0.042883829999999998
 0.035876779999999997
 0.02896371
 0.023669280000000001
 0.016713459999999999
 0.011291020000000001
 0.00592904
 0.0029539200000000001
 0.00104941
 0
 0
 0
 0
 0
 0
 0
 0
 0
 0
 0
 0
 0
 0
 0
 0
 0
 0


# name: Cem3
# type: matrix
# rows: 81
# columns: 1
 0
 0
 0
 0
 0
 0
 0.0019462699999999999
 0.00538646
 0.0076245899999999997
 0.0099322100000000003
 0.0043748600000000004
 0
 0
 0.00050179000000000001
 0.0015086100000000001
 0.0055750399999999999
 0.0134579
 0.023793430000000001
 0.037524799999999997
 0.050437549999999998
 0.063946740000000002
 0.079684920000000006
 0.093891199999999994
 0.10826832
 0.12192513000000001
 0.13270925
 0.14454085999999999
 0.15561368
 0.16533101
 0.17546680000000001
 0.18456645999999999
 0.19438136
 0.19964179000000001
 0.2058063
 0.21231611
 0.21504168000000001
 0.21640272999999999
 0.2163805
 0.21235021000000001
 0.20627888999999999
 0.19902173000000001
 0.19497995000000001
 0.18934914999999999
 0.18407712000000001
 0.17828682000000001
 0.16995924000000001
 0.1620645
 0.1530802
 0.14253357999999999
 0.13566310000000001
 0.12584869000000001
 0.11594132
 0.10874399
 0.10203851999999999
 0.093889180000000003
 0.087344409999999997
 0.079699010000000001
 0.073356199999999996
 0.068055669999999999
 0.061138079999999997
 0.056062300000000002
 0.05122703
 0.047011360000000002
 0.042828339999999999
 0.038511049999999998
 0.034550009999999999
 0.030738740000000001
 0.027890600000000002
 0.025510419999999999
 0.023017099999999999
 0.02026296
 0.017590169999999999
 0.016110019999999999
 0.01485155
 0.01226467
 0.010428710000000001
 0.0097627400000000007
 0.0094340099999999996
 0.0075858200000000001
 0.0071109399999999996
 0.0058005900000000004


