# Created by Octave 7.3.0, Mon Oct 09 02:29:27 2023 UTC <jovyan@224710f94f77>
# name: C
# type: scalar
4


# name: Cex
# type: matrix
# rows: 43
# columns: 1
 240
 245
 250
 255
 260
 265
 270
 275
 280
 285
 290
 295
 300
 305
 310
 315
 320
 325
 330
 335
 340
 345
 350
 355
 360
 365
 370
 375
 380
 385
 390
 395
 400
 405
 410
 415
 420
 425
 430
 435
 440
 445
 450


# name: Cem
# type: matrix
# rows: 75
# columns: 1
 300
 304
 308
 312
 316
 320
 324
 328
 332
 336
 340
 344
 348
 352
 356
 360
 364
 368
 372
 376
 380
 384
 388
 392
 396
 400
 404
 408
 412
 416
 420
 424
 428
 432
 436
 440
 444
 448
 452
 456
 460
 464
 468
 472
 476
 480
 484
 488
 492
 496
 500
 504
 508
 512
 516
 520
 524
 528
 532
 536
 540
 544
 548
 552
 556
 560
 564
 568
 572
 576
 580
 584
 588
 592
 596


# name: Cex1
# type: matrix
# rows: 43
# columns: 1
 0.33335924099999997
 0.318419287
 0.30893027899999997
 0.28969515000000001
 0.27083006599999998
 0.24785716699999999
 0.22690766900000001
 0.206357914
 0.18482536099999999
 0.167687382
 0.15221468299999999
 0.138325211
 0.12844936500000001
 0.122404944
 0.118603377
 0.11580162200000001
 0.114151618
 0.114240141
 0.11565642900000001
 0.118650407
 0.120830539
 0.122823127
 0.12333775499999999
 0.12347912799999999
 0.123358804
 0.121056336
 0.117435125
 0.11202517100000001
 0.10550014000000001
 0.095392414999999994
 0.082942403999999997
 0.071306210999999994
 0.061385542000000001
 0.052733506999999999
 0.044687903000000001
 0.037974011000000002
 0.033029964000000002
 0.029148506000000001
 0.024656082999999999
 0.020642171000000001
 0.017090017999999998
 0.014979173
 0.012601134999999999


# name: Cem1
# type: matrix
# rows: 75
# columns: 1
 0.0072633089999999999
 0
 0.002622142
 0.0044248100000000004
 0.0054229329999999996
 0.0035669500000000002
 0.0022713120000000002
 0
 0
 0
 0.00049397299999999998
 0
 0
 0
 0
 0
 0
 0
 0
 0
 0.0058392019999999999
 0.0099350229999999994
 0.023948561
 0.035291939000000001
 0.051685276000000002
 0.063510910000000004
 0.078766793000000002
 0.095307998000000005
 0.108874581
 0.12250910800000001
 0.13597925899999999
 0.14785861
 0.15889669100000001
 0.169997017
 0.17841042500000001
 0.189917429
 0.19421860399999999
 0.20060557700000001
 0.20429772099999999
 0.20606528099999999
 0.209333403
 0.20701947500000001
 0.20418466099999999
 0.202779603
 0.19740334400000001
 0.19233816000000001
 0.1881843
 0.182962136
 0.176806458
 0.16997259100000001
 0.164433354
 0.16064000000000001
 0.15514176399999999
 0.148283734
 0.14009454399999999
 0.13295705899999999
 0.125279584
 0.117004525
 0.109649134
 0.10284081
 0.0969
 0.091251014000000005
 0.085417778
 0.079684263000000005
 0.074308925999999997
 0.067633640999999994
 0.062948023000000006
 0.057635477999999997
 0.054037802000000003
 0.050207826999999997
 0.046428032000000001
 0.041927587000000002
 0.037505482999999999
 0.035703114000000001
 0.032497616


# name: Cex2
# type: matrix
# rows: 43
# columns: 1
 0.34261403600000001
 0.33526444700000002
 0.293965005
 0.24819617599999999
 0.205529245
 0.16740925500000001
 0.144042799
 0.13309921499999999
 0.13201632499999999
 0.14015007400000001
 0.15324689999999999
 0.167055123
 0.181178855
 0.19514690600000001
 0.20624999399999999
 0.21249890099999999
 0.21437747200000001
 0.21194733399999999
 0.20606569799999999
 0.19488609900000001
 0.177851975
 0.15261264699999999
 0.127452329
 0.104388434
 0.082101322000000004
 0.062947207000000005
 0.041834728000000002
 0.022821365
 0.0062828850000000002
 0
 0
 0
 0
 0
 0
 0
 0
 0
 0
 0
 0
 0
 0


# name: Cem2
# type: matrix
# rows: 75
# columns: 1
 0
 0.018134572000000002
 0.0069235420000000004
 0.0042390529999999996
 0
 0
 0
 0
 0
 0
 0
 0.0083483199999999994
 0.01508674
 0.043454274000000001
 0.057931969
 0.089864973000000001
 0.117661763
 0.145437078
 0.166031557
 0.197684152
 0.21478973800000001
 0.23926306
 0.247035478
 0.25164944299999997
 0.258143189
 0.26150741
 0.255790723
 0.249907344
 0.24579793699999999
 0.235334617
 0.22132248800000001
 0.21024480600000001
 0.19294467400000001
 0.17266849300000001
 0.166031976
 0.14816512400000001
 0.13347146100000001
 0.118094953
 0.098642452000000005
 0.088812329999999995
 0.076462528000000002
 0.065636959999999994
 0.054538984999999998
 0.044308436
 0.037799622999999997
 0.030249493999999998
 0.023844018000000002
 0.019120079000000002
 0.014134565
 0.010934704999999999
 0.0072424519999999999
 0.0053584870000000003
 0.0025873179999999999
 0.00053776200000000001
 0
 0
 0
 0
 0
 0
 0
 0
 0
 0
 0
 0
 0
 0
 0
 0
 0
 0
 0
 0
 0.00016226599999999999


# name: Cex3
# type: matrix
# rows: 43
# columns: 1
 0.29613352900000001
 0.216815383
 0.18139313300000001
 0.16176915
 0.163428565
 0.175430908
 0.19461550499999999
 0.21247371000000001
 0.21870758700000001
 0.21402771300000001
 0.200700456
 0.17245813600000001
 0.14948571699999999
 0.13977069
 0.130545621
 0.11968633400000001
 0.10717299800000001
 0.092082790999999997
 0.065848938999999995
 0.030901106000000001
 0
 0
 0
 0
 0
 0
 0
 0
 0
 0.026788348
 0.080852895999999994
 0.13341218299999999
 0.165888812
 0.18710621599999999
 0.19918881199999999
 0.208164658
 0.212056894
 0.20114122600000001
 0.195132522
 0.183860205
 0.176365253
 0.154442315
 0.14385837200000001


# name: Cem3
# type: matrix
# rows: 75
# columns: 1
 0.14059722099999999
 0.195028494
 0.202970499
 0.20383231299999999
 0.182420849
 0.185886158
 0.20276654499999999
 0.234840936
 0.24023798599999999
 0.242629757
 0.24967882199999999
 0.25588618800000001
 0.245441242
 0.23289235999999999
 0.23295944499999999
 0.211337728
 0.18520545799999999
 0.17611853799999999
 0.16700203199999999
 0.16824450199999999
 0.143362145
 0.14438007
 0.116586816
 0.096377754999999996
 0.089914702999999999
 0.070036908999999994
 0.050964961000000003
 0.027630429000000001
 0.033459286999999997
 0.020647351000000001
 0
 0
 0
 0
 0
 0
 0
 0
 0
 0
 0
 0
 0.0054690370000000004
 0.0083716639999999991
 0.012686417
 0.017518278000000002
 0.021267662999999999
 0.025087063
 0.028578837999999999
 0.03165892
 0.032814005
 0.037508125000000003
 0.038960374999999998
 0.039123493000000002
 0.041316381999999999
 0.042256423000000001
 0.041547023000000002
 0.041595534000000003
 0.041358550000000001
 0.041903031
 0.040127260999999997
 0.040447064999999997
 0.039130709999999999
 0.036913850999999998
 0.037175027999999999
 0.033419934999999998
 0.032978970000000003
 0.029506447000000002
 0.028467672999999999
 0.026355448
 0.025733378000000001
 0.023463833999999999
 0.020133887999999999
 0.020145351999999998
 0.017563258000000002


# name: Cex4
# type: matrix
# rows: 43
# columns: 1
 0.53935045500000001
 0.439501955
 0.35653537499999999
 0.302006726
 0.254255919
 0.22035798500000001
 0.19669161399999999
 0.17875474599999999
 0.16099903099999999
 0.146697677
 0.13290727199999999
 0.12140738299999999
 0.106860284
 0.089198566000000007
 0.074295939000000005
 0.061710090000000002
 0.049191835000000003
 0.036084624000000003
 0.026795764
 0.020514134999999999
 0.015445189999999999
 0.0092069230000000005
 0.0057173969999999999
 0.0018905149999999999
 0.00037021500000000002
 0
 0
 0
 0
 0
 0
 0
 0
 0
 0
 0
 0
 0
 0
 0
 0
 0
 0


