# Created by Octave 7.3.0, Sun Sep 17 19:57:03 2023 UTC <jovyan@224710f94f77>
# name: C
# type: scalar
3


# name: Cex
# type: matrix
# rows: 106
# columns: 1
 240
 242
 244
 246
 248
 250
 252
 254
 256
 258
 260
 262
 264
 266
 268
 270
 272
 274
 276
 278
 280
 282
 284
 286
 288
 290
 292
 294
 296
 298
 300
 302
 304
 306
 308
 310
 312
 314
 316
 318
 320
 322
 324
 326
 328
 330
 332
 334
 336
 338
 340
 342
 344
 346
 348
 350
 352
 354
 356
 358
 360
 362
 364
 366
 368
 370
 372
 374
 376
 378
 380
 382
 384
 386
 388
 390
 392
 394
 396
 398
 400
 402
 404
 406
 408
 410
 412
 414
 416
 418
 420
 422
 424
 426
 428
 430
 432
 434
 436
 438
 440
 442
 444
 446
 448
 450


# name: Cem
# type: matrix
# rows: 153
# columns: 1
 248
 250
 253
 255
 257
 259
 262
 264
 266
 268
 271
 273
 275
 277
 280
 282
 284
 287
 289
 291
 293
 296
 298
 300
 302
 305
 307
 309
 311
 314
 316
 318
 320
 323
 325
 327
 330
 332
 334
 336
 339
 341
 343
 346
 348
 350
 352
 355
 357
 359
 362
 364
 366
 368
 371
 373
 375
 378
 380
 382
 384
 387
 389
 391
 394
 396
 398
 401
 403
 405
 407
 410
 412
 414
 417
 419
 421
 424
 426
 428
 430
 433
 435
 437
 440
 442
 444
 447
 449
 451
 454
 456
 458
 461
 463
 465
 468
 470
 472
 475
 477
 479
 481
 484
 486
 488
 491
 493
 495
 498
 500
 502
 505
 507
 509
 512
 514
 516
 519
 521
 523
 526
 528
 530
 533
 535
 537
 540
 542
 545
 547
 549
 552
 554
 556
 559
 561
 563
 566
 568
 570
 573
 575
 577
 580
 582
 584
 587
 589
 591
 594
 596
 599


# name: Cex1
# type: matrix
# rows: 106
# columns: 1
 0.048200399999999997
 0.053767860000000001
 0.061927129999999997
 0.072026480000000004
 0.085933389999999998
 0.10637671
 0.13007436999999999
 0.13637289
 0.13927262000000001
 0.1417822
 0.13994659000000001
 0.13850862
 0.13735560999999999
 0.13549029000000001
 0.13337795999999999
 0.13047919999999999
 0.12762534
 0.12455888
 0.12162982999999999
 0.11602955
 0.11233969000000001
 0.10962263999999999
 0.10632411
 0.10487262999999999
 0.10212160000000001
 0.10097462
 0.10143491
 0.10103987
 0.10238172
 0.10429345
 0.10668192999999999
 0.10863803
 0.11160035
 0.11477448
 0.1175221
 0.12082935
 0.12309217
 0.12569184
 0.12848124
 0.13020893
 0.13342018
 0.1327951
 0.13293146
 0.13301335
 0.13339409999999999
 0.13392088999999999
 0.13445950000000001
 0.13547699999999999
 0.13598547
 0.13666747000000001
 0.13691727000000001
 0.13675061999999999
 0.13627928
 0.13510143999999999
 0.13342873
 0.13117367999999999
 0.12909387
 0.12658361000000001
 0.12400886
 0.12164193
 0.11873424
 0.11567077000000001
 0.11244679
 0.10780581
 0.10179255
 0.095745559999999993
 0.089432990000000004
 0.082329239999999998
 0.076294699999999993
 0.070128869999999996
 0.064853919999999995
 0.05843802
 0.053346299999999999
 0.047758830000000002
 0.043304540000000002
 0.039524049999999998
 0.03480975
 0.030968539999999999
 0.027636750000000002
 0.02460582
 0.02086261
 0.018239910000000002
 0.01520811
 0.01220371
 0.0096640400000000005
 0.0071493099999999999
 0.0054139399999999999
 0.0031482400000000001
 0.00078381999999999996
 0
 0
 0
 0
 0
 0
 0
 0
 0
 0
 0
 0
 0
 0
 0
 0
 0


# name: Cem1
# type: matrix
# rows: 153
# columns: 1
 0
 0
 0
 0
 0
 0
 0
 0
 0
 0
 0
 0
 0
 0
 0
 0
 0
 0
 0
 0
 0
 0
 0
 0
 0
 0
 0
 0
 0
 0
 0
 0
 0
 0
 0
 0
 0
 0
 0
 0
 0
 0
 0
 0
 0
 0
 0
 0
 0
 0
 0
 0
 0.0037122600000000002
 0.0080121700000000007
 0.01295848
 0.017440069999999998
 0.02215319
 0.027033359999999999
 0.032141179999999998
 0.037587200000000001
 0.043779369999999998
 0.050178380000000002
 0.056922359999999998
 0.063895670000000002
 0.071077329999999994
 0.07898289
 0.087154229999999999
 0.095198400000000002
 0.10376307
 0.11237610000000001
 0.12102930000000001
 0.12994325000000001
 0.13889488999999999
 0.14760317000000001
 0.15698469000000001
 0.16254755000000001
 0.16730513
 0.17080571999999999
 0.17363503999999999
 0.17585115000000001
 0.17761616999999999
 0.17865863000000001
 0.17896144999999999
 0.17979481
 0.17929585000000001
 0.17912703999999999
 0.17844217000000001
 0.17726216
 0.17561210999999999
 0.17390301
 0.17037704000000001
 0.16732579
 0.16319644999999999
 0.15914524999999999
 0.15422000999999999
 0.14954108999999999
 0.14464419000000001
 0.13947453000000001
 0.13378957
 0.12822449
 0.12234399
 0.11697829
 0.11143414
 0.10580652
 0.10070835
 0.095689389999999999
 0.090832650000000001
 0.085558019999999999
 0.081251500000000004
 0.077036679999999996
 0.073367379999999996
 0.068760089999999996
 0.065200859999999999
 0.061007459999999999
 0.057407899999999998
 0.054161090000000002
 0.050744699999999997
 0.048052289999999998
 0.044565399999999998
 0.041834830000000003
 0.038909739999999998
 0.03678439
 0.034241170000000001
 0.032246009999999999
 0.030081009999999998
 0.02773018
 0.026033629999999999
 0.024557490000000001
 0.022573780000000002
 0.021063740000000001
 0.01981457
 0.01846621
 0.017375120000000001
 0.01621597
 0.01516637
 0.01432257
 0.01319475
 0.01228863
 0.01178917
 0.01083305
 0.0097804399999999996
 0.0091154099999999991
 0.0086198999999999998
 0.0079512200000000002
 0.0075592200000000002
 0.0068175199999999997
 0.0064574599999999999
 0.0059478200000000004
 0.0057460000000000002
 0.0048914300000000004
 0.0047075800000000003
 0.0043055999999999997
 0.00410532


# name: Cex2
# type: matrix
# rows: 106
# columns: 1
 0.03519775
 0.040161860000000001
 0.047850999999999998
 0.055539239999999997
 0.068200140000000006
 0.086608889999999994
 0.10913692999999999
 0.12127201
 0.12509387
 0.13146928999999999
 0.13585243999999999
 0.14236940000000001
 0.14973887
 0.15010997000000001
 0.15496219
 0.16065520999999999
 0.16180538
 0.16459530999999999
 0.16161291
 0.15603316
 0.15175537
 0.14522457
 0.14036024
 0.13299489
 0.12560234000000001
 0.11996271
 0.11355349000000001
 0.10709175
 0.1022277
 0.097473980000000002
 0.094030320000000001
 0.08987465
 0.086668350000000005
 0.084114510000000003
 0.081530859999999997
 0.079768099999999995
 0.077940330000000002
 0.076602740000000002
 0.075908569999999995
 0.074963080000000001
 0.074906410000000007
 0.07312051
 0.072046390000000002
 0.071274539999999997
 0.070754800000000007
 0.070623729999999996
 0.070925290000000002
 0.071422929999999996
 0.072024089999999999
 0.072961949999999998
 0.074023729999999996
 0.0752911
 0.076761490000000002
 0.077733129999999998
 0.079277940000000005
 0.080594659999999999
 0.082166139999999999
 0.083748000000000003
 0.085757449999999999
 0.087930850000000005
 0.089981489999999997
 0.092441040000000002
 0.094810459999999999
 0.097026409999999993
 0.099572759999999996
 0.10189243000000001
 0.1036021
 0.10391156
 0.10533584
 0.10537404
 0.10648074
 0.10553448
 0.10491652
 0.10379913
 0.10368912
 0.10422070999999999
 0.1023604
 0.10211932
 0.10136236
 0.1006971
 0.099705890000000005
 0.097239359999999997
 0.094474390000000005
 0.092170859999999993
 0.089984099999999997
 0.088707279999999999
 0.086632940000000005
 0.08464033
 0.08362319
 0.081582680000000005
 0.078932199999999994
 0.075676389999999996
 0.072622119999999998
 0.069907490000000003
 0.067224729999999996
 0.06432301
 0.060929990000000003
 0.057863909999999998
 0.054636160000000003
 0.051948710000000002
 0.049267270000000002
 0.047020609999999997
 0.044467880000000001
 0.042242420000000003
 0.040246299999999999
 0.038939340000000003


