# Created by Octave 7.3.0, Sat Sep 23 00:25:18 2023 UTC <jovyan@224710f94f77>
# name: C
# type: scalar
7


# name: Cex
# type: matrix
# rows: 51
# columns: 1
 200
 205
 210
 215
 220
 225
 230
 235
 240
 245
 250
 255
 260
 265
 270
 275
 280
 285
 290
 295
 300
 305
 310
 315
 320
 325
 330
 335
 340
 345
 350
 355
 360
 365
 370
 375
 380
 385
 390
 395
 400
 405
 410
 415
 420
 425
 430
 435
 440
 445
 450


# name: Cem
# type: matrix
# rows: 59
# columns: 1
 260
 265
 270
 275
 280
 285
 290
 295
 300
 305
 310
 315
 320
 325
 330
 335
 340
 345
 350
 355
 360
 365
 370
 375
 380
 385
 390
 395
 400
 405
 410
 415
 420
 425
 430
 435
 440
 445
 450
 455
 460
 465
 470
 475
 480
 485
 490
 495
 500
 505
 510
 515
 520
 525
 530
 535
 540
 545
 550


# name: Cex1
# type: matrix
# rows: 51
# columns: 1
 0
 0.0036706170000000002
 0.014934153
 0.033057048999999998
 0.054629416
 0.071403439999999999
 0.048178044000000003
 0.032098546999999998
 0.039681679999999997
 0.051764422999999997
 0.071824035999999994
 0.10890567700000001
 0.170654156
 0.24789260599999999
 0.33263013699999999
 0.408297411
 0.45675416499999999
 0.44101376199999998
 0.35945048099999999
 0.20561426499999999
 0.118614808
 0.076018866000000004
 0.049324913999999997
 0.028647463000000001
 0.016840458999999999
 0.0073833420000000002
 0.00071121900000000002
 0
 0
 0
 0
 0
 0
 0
 0
 0
 0
 0
 0
 0
 0
 0
 0
 0
 0
 0
 0
 0
 0
 0
 0


# name: Cem1
# type: matrix
# rows: 59
# columns: 1
 6.5489299999999997e-06
 0
 0
 0
 0
 0
 0
 0
 0
 0.0090982240000000002
 0.021119101000000001
 0.031403644000000001
 0.049700652999999997
 0.082642812999999996
 0.119630863
 0.15823116600000001
 0.19671470399999999
 0.23040718099999999
 0.26044899399999999
 0.28348361399999999
 0.29488315399999998
 0.29660831799999998
 0.29089492700000003
 0.27920860800000002
 0.26512069599999999
 0.248559581
 0.22975299800000001
 0.20959801
 0.189041031
 0.16814891200000001
 0.147736375
 0.12836919999999999
 0.110964811
 0.093909425000000005
 0.079582818
 0.066769038000000003
 0.055788519000000002
 0.045792593999999999
 0.037363530999999998
 0.030314823000000001
 0.024765280000000001
 0.019819409
 0.016549573000000001
 0.013420537999999999
 0.010834063999999999
 0.0083393210000000002
 0.0059670330000000001
 0.0046324239999999996
 0.0042144629999999999
 0.0036397460000000001
 0.0036036369999999998
 0.0032064870000000001
 0.0032496790000000001
 0.0028527230000000002
 0.0027876670000000002
 0.0026765740000000001
 0.001320671
 0.00021499999999999999
 0


# name: Cex2
# type: matrix
# rows: 51
# columns: 1
 0.026265846999999998
 0.059803838999999998
 0.094897142000000004
 0.16987998200000001
 0.30921934400000001
 0.48051875100000002
 0.48792118299999998
 0.28786629699999999
 0.151765279
 0.098908858000000002
 0.088129228000000004
 0.094095827000000007
 0.10987878199999999
 0.13630351900000001
 0.17711316499999999
 0.213442983
 0.223384788
 0.20300057599999999
 0.169918398
 0.12632490900000001
 0.092324223999999996
 0.067923512000000005
 0.050495350000000001
 0.034838622999999999
 0.020898060999999999
 0.011077547
 0.0019970970000000002
 0
 0
 0
 0
 0
 0
 0
 0
 0
 0
 0
 1.5500400000000002e-05
 0
 0
 0
 0
 0
 0
 0
 0
 0
 0
 0
 0


# name: Cem2
# type: matrix
# rows: 59
# columns: 1
 0
 0.0018092519999999999
 0.0038348520000000001
 0.0028153549999999999
 0.0023285630000000001
 0.0050921869999999998
 0.002878935
 0.001096426
 0
 0.0051554130000000002
 0.024595101000000001
 0.053189496000000003
 0.13926043799999999
 0.29214093000000002
 0.34173445800000002
 0.37999195400000002
 0.41915425099999998
 0.37001268799999998
 0.31599345099999998
 0.28301978999999999
 0.23322950100000001
 0.18087735799999999
 0.14347264100000001
 0.112851953
 0.085099532000000006
 0.064579235999999998
 0.049905254000000003
 0.038283456
 0.028731484000000002
 0.021185923999999998
 0.018077043000000001
 0.014916772999999999
 0.010558659999999999
 0.0080911000000000004
 0.0065226629999999997
 0.0043780470000000004
 0.0028605409999999999
 0.001174617
 0
 0
 0
 0
 0
 0.00030797700000000002
 0.0013168120000000001
 0.0033638309999999999
 0.0024059749999999999
 0
 0.00098459900000000006
 0.0016427220000000001
 0.0020488699999999999
 0.0032383249999999998
 0.0033672839999999999
 0.0031321700000000001
 0.0027405979999999999
 0.0031309900000000002
 0.0037585539999999999
 0.0042882429999999997
 0.0048484970000000002


# name: Cex3
# type: matrix
# rows: 51
# columns: 1
 0
 0
 0
 0.0046866290000000003
 0.020932157
 0.033340554000000001
 0.040836034
 0.039559123000000002
 0.034099722999999998
 0.045595362
 0.076910661000000005
 0.13151230799999999
 0.214732176
 0.32026167100000003
 0.409606743
 0.43889625100000002
 0.405316862
 0.33631344099999999
 0.27176140999999998
 0.23337361400000001
 0.18342788700000001
 0.122817895
 0.064132581999999994
 0.033305514000000001
 0
 0
 0
 0
 0
 0
 0
 0
 0
 0
 0
 0
 0
 0
 4.1903500000000003e-05
 0
 0
 0
 0
 0
 0
 0
 0
 0
 0
 0
 0


# name: Cem3
# type: matrix
# rows: 59
# columns: 1
 0
 0
 0
 0
 0.001276767
 0.017150655000000001
 0.051416399000000002
 0.09148249
 0.14825440300000001
 0.20897027600000001
 0.27613476999999997
 0.34314550399999999
 0.38141550400000002
 0.36843651100000002
 0.33941059400000001
 0.30966241999999999
 0.269150414
 0.23448428700000001
 0.19764638500000001
 0.16071713400000001
 0.12958156000000001
 0.10276606000000001
 0.080643527000000007
 0.061612190999999997
 0.044484849
 0.029633960000000001
 0.019386326999999998
 0.013114519999999999
 0.010600762999999999
 0.01058246
 0.010622257
 0.012237375
 0.01307035
 0.014210402
 0.01567528
 0.015918451
 0.016413777000000001
 0.015984050999999999
 0.015687911999999998
 0.013854762
 0.011924908999999999
 0.010845814
 0.0091106769999999993
 0.0081196059999999997
 0.0076932570000000002
 0.0086159059999999996
 0.010694666
 0.010537368
 0.0092370809999999994
 0.0080773110000000002
 0.0064965819999999999
 0.0058268060000000003
 0.0042837270000000002
 0.0039806609999999999
 0.0022165290000000001
 0
 0
 0
 0


# name: Cex4
# type: matrix
# rows: 51
# columns: 1
 0.18003219200000001
 0.244333831
 0.30445898799999999
 0.382826216
 0.46172476899999998
 0.479733823
 0.37435251800000002
 0.223898451
 0.121988497
 0.078105020999999997
 0.067182235000000007
 0.065835962999999997
 0.055693549000000002
 0.033546397999999998
 0.001494799
 0
 0
 0.013480992000000001
 0.0063111219999999997
 0
 0
 0.0043210619999999996
 0.015144802000000001
 0.014385666
 0.015444433
 0.0073899450000000002
 0.0022584689999999999
 0
 0
 0
 0
 0
 0
 0
 0
 0
 0
 0
 0
 0
 0
 0
 0
 0
 0
 0
 0
 0
 0
 0
 0


# name: Cem4
# type: matrix
# rows: 59
# columns: 1
 0.005047607
 0.0072346169999999996
 0.019881566999999999
 0.048625300000000003
 0.088623907000000002
 0.13517528400000001
 0.18986958800000001
 0.236205891
 0.27605795900000002
 0.29289936900000002
 0.28853129799999999
 0.27486486799999998
 0.24375987399999999
 0.20427583099999999
 0.192372298
 0.18178913799999999
 0.16069840099999999
 0.1723413
 0.174488794
 0.16592014999999999
 0.16138957500000001
 0.15518641399999999
 0.15058870199999999
 0.14421150099999999
 0.13704942000000001
 0.136304907
 0.13172182399999999
 0.126204064
 0.12235766300000001
 0.116930785
 0.111595755
 0.106845203
 0.10173199600000001
 0.095157211000000005
 0.087980351999999998
 0.081062123999999999
 0.073328019999999994
 0.066540024000000003
 0.059970254000000001
 0.051920785999999997
 0.044313733000000001
 0.037057646999999999
 0.031550646000000002
 0.027359624999999999
 0.023912432000000001
 0.021532266000000001
 0.019416668000000002
 0.014967572
 0.010624435
 0.0097107259999999994
 0.0048386030000000003
 0.0018669439999999999
 0
 0.000788643
 0.0034270139999999999
 0.0018452119999999999
 0.0021993020000000002
 0.008258072
 0.0089588810000000001


