# Created by Octave 7.3.0, Mon Oct 30 00:34:57 2023 UTC <jovyan@224710f94f77>
# name: C
# type: scalar
5


# name: Cex
# type: matrix
# rows: 41
# columns: 1
 250
 255
 260
 265
 270
 275
 280
 285
 290
 295
 300
 305
 310
 315
 320
 325
 330
 335
 340
 345
 350
 355
 360
 365
 370
 375
 380
 385
 390
 395
 400
 405
 410
 415
 420
 425
 430
 435
 440
 445
 450


# name: Cem
# type: matrix
# rows: 101
# columns: 1
 300
 302
 304
 306
 308
 310
 312
 314
 316
 318
 320
 322
 324
 326
 328
 330
 332
 334
 336
 338
 340
 342
 344
 346
 348
 350
 352
 354
 356
 358
 360
 362
 364
 366
 368
 370
 372
 374
 376
 378
 380
 382
 384
 386
 388
 390
 392
 394
 396
 398
 400
 402
 404
 406
 408
 410
 412
 414
 416
 418
 420
 422
 424
 426
 428
 430
 432
 434
 436
 438
 440
 442
 444
 446
 448
 450
 452
 454
 456
 458
 460
 462
 464
 466
 468
 470
 472
 474
 476
 478
 480
 482
 484
 486
 488
 490
 492
 494
 496
 498
 500


# name: Cex1
# type: matrix
# rows: 41
# columns: 1
 0.17575866000000001
 0.17690553000000001
 0.15335434000000001
 0.1177236
 0.081021190000000007
 0.056170919999999999
 0.034255460000000001
 0.02247147
 0.00884391
 0.00088904000000000001
 0
 0
 0.00372719
 0.01651729
 0.041146349999999998
 0.075884409999999999
 0.12625934999999999
 0.18191534000000001
 0.23564515
 0.2865027
 0.32514713000000001
 0.34672459
 0.3494544
 0.33147589
 0.30062886999999999
 0.24497373
 0.19527327999999999
 0.15252319
 0.11456556
 0.084475239999999993
 0.057186630000000002
 0.034187780000000001
 0.01249689
 0
 0
 0
 0
 0
 0
 0
 0


# name: Cem1
# type: matrix
# rows: 101
# columns: 1
 0.00044064000000000001
 0.00043773
 0.00056506000000000004
 0.00090450000000000003
 0.00088488
 0.00130313
 0.0012367700000000001
 0.00129017
 0.0018297700000000001
 0.0014215
 0.0018403200000000001
 0.0019905000000000001
 0.00134673
 0.0015607900000000001
 0.00028620000000000002
 0
 0
 0
 0
 0
 0
 0
 0
 0
 0
 0
 0
 0
 0
 0
 0
 0
 0
 0
 0
 0
 0
 0.00140205
 0.00577686
 0.0098770799999999999
 0.013977180000000001
 0.018696460000000002
 0.023109270000000001
 0.028018100000000001
 0.034240319999999998
 0.036863989999999999
 0.043472879999999998
 0.050463189999999998
 0.056169530000000002
 0.062811900000000004
 0.069455959999999997
 0.076195750000000007
 0.083452440000000003
 0.090212310000000004
 0.096192130000000001
 0.10348619000000001
 0.10956978000000001
 0.11496906
 0.12120178
 0.12675549999999999
 0.13256282
 0.13887477000000001
 0.14425156
 0.14935545
 0.15417663000000001
 0.1584131
 0.16245541999999999
 0.16533832000000001
 0.16744453000000001
 0.16969191
 0.17148107000000001
 0.17194196
 0.17221811000000001
 0.17192350000000001
 0.17127845999999999
 0.16999462000000001
 0.16845208
 0.16696929999999999
 0.16485561000000001
 0.16318341
 0.15304376
 0.15185133000000001
 0.14963024999999999
 0.14770103000000001
 0.14577324999999999
 0.14307207999999999
 0.14096115000000001
 0.13820172999999999
 0.13575651999999999
 0.13301284999999999
 0.13001513000000001
 0.12752198000000001
 0.12473198000000001
 0.12132153
 0.11866306
 0.11613084999999999
 0.11285478
 0.11033117000000001
 0.10744114
 0.10474828
 0.10234703000000001


# name: Cex2
# type: matrix
# rows: 41
# columns: 1
 0.18118878999999999
 0.158419
 0.13158404000000001
 0.11863267
 0.11930528999999999
 0.12352049
 0.13768816
 0.16257574
 0.19175898999999999
 0.22657969
 0.23896197999999999
 0.2659049
 0.28880061000000001
 0.29773663
 0.30912271000000002
 0.30734066999999998
 0.28646491000000002
 0.25829960000000002
 0.22086022
 0.17732275
 0.13137942
 0.091955250000000002
 0.052169489999999999
 0.0194544
 0
 0
 0
 0
 0
 0
 0
 0
 0
 0
 0
 0
 0
 0
 0
 0
 0


# name: Cem2
# type: matrix
# rows: 101
# columns: 1
 0
 0
 0
 0
 0
 0
 0
 0
 0
 0
 0
 0
 0
 0
 0
 0.00178542
 0.0034196999999999999
 0.0076428499999999996
 0.01093739
 0.014096849999999999
 0.017338860000000001
 0.021845739999999999
 0.026358510000000002
 0.031168959999999999
 0.03692235
 0.04136977
 0.047092969999999998
 0.051455019999999997
 0.057791460000000003
 0.064573510000000001
 0.069191719999999998
 0.078299300000000002
 0.084718059999999998
 0.092656470000000005
 0.10156205
 0.10839495
 0.11695071
 0.12470966999999999
 0.12905394000000001
 0.13578177
 0.14063264
 0.14760910999999999
 0.15374779
 0.15891806
 0.16395636
 0.16125315000000001
 0.16425861999999999
 0.16868928999999999
 0.17200687000000001
 0.17480253000000001
 0.17671078000000001
 0.17721746999999999
 0.17802833000000001
 0.17836937
 0.17865663000000001
 0.17763298
 0.17653157
 0.17334943
 0.17147659000000001
 0.16888882999999999
 0.16469397
 0.16104447999999999
 0.15720044999999999
 0.15332291000000001
 0.14869748999999999
 0.14454281999999999
 0.13879573000000001
 0.13247032
 0.12641024000000001
 0.12013694
 0.11431041
 0.10921552
 0.10183354
 0.094452019999999998
 0.090070780000000003
 0.081900810000000004
 0.076556219999999994
 0.070377980000000007
 0.063653970000000004
 0.058730490000000003
 0.050540229999999998
 0.04470234
 0.040867090000000002
 0.036874120000000003
 0.032704120000000003
 0.028792539999999998
 0.025937499999999999
 0.021983570000000001
 0.020399939999999998
 0.017675119999999999
 0.01466573
 0.01258663
 0.0099344499999999992
 0.0087289700000000008
 0.0061164499999999998
 0.0043500199999999996
 0.0034449400000000001
 0.00220491
 0.00086616000000000004
 7.1899999999999998e-06
 0


# name: Cex3
# type: matrix
# rows: 41
# columns: 1
 0.40294535999999997
 0.35688913999999999
 0.34621726000000003
 0.3039982
 0.28265787999999997
 0.25437459000000001
 0.23355113999999999
 0.22117861
 0.20873866999999999
 0.19828466
 0.18470571999999999
 0.17703738999999999
 0.17129720000000001
 0.15559294000000001
 0.13751189999999999
 0.11616538
 0.089227290000000001
 0.067268159999999994
 0.045883189999999997
 0.029209180000000001
 0.01296185
 0
 0
 0
 0
 0
 0
 0
 0
 0
 0
 0
 0
 0
 0
 0
 0
 0
 0
 0
 0


# name: Cem3
# type: matrix
# rows: 101
# columns: 1
 0.0021620599999999999
 0.0018949399999999999
 0.00044753000000000002
 -2.7299999999508002e-06
 4.3000000000000001e-07
 0
 0
 0
 0
 0
 0
 0.00057708
 0.0036694000000000002
 0.0052923700000000002
 0.01007226
 0.01300223
 0.01507031
 0.016646970000000001
 0.018783850000000001
 0.020759449999999999
 0.0233504
 0.025295330000000001
 0.028558529999999999
 0.030980779999999999
 0.034169659999999998
 0.037411859999999998
 0.04000252
 0.04260129
 0.046759799999999997
 0.050315840000000001
 0.055277569999999998
 0.058468220000000001
 0.062234299999999999
 0.066272559999999994
 0.070045880000000005
 0.073186559999999998
 0.07870415
 0.081474669999999999
 0.085802639999999999
 0.08893703
 0.091727489999999995
 0.09496984
 0.096674220000000005
 0.098520389999999999
 0.10234448
 0.10033512999999999
 0.10323509
 0.10623634999999999
 0.10753726
 0.11007449
 0.11179978
 0.1152947
 0.11743523
 0.11859387
 0.12071842000000001
 0.12405612000000001
 0.12473584
 0.12910801999999999
 0.13086360999999999
 0.13129313000000001
 0.13353249
 0.13703624
 0.13933645
 0.14063217
 0.14260598999999999
 0.14325681000000001
 0.14543771999999999
 0.14620406999999999
 0.14725666000000001
 0.14692979
 0.14669399999999999
 0.14731474
 0.14712832000000001
 0.14632049999999999
 0.14482426000000001
 0.14380862999999999
 0.14150219
 0.14045996999999999
 0.13897762999999999
 0.13781376000000001
 0.12930932000000001
 0.12982325
 0.12721905999999999
 0.12713321999999999
 0.12436139
 0.12310544
 0.12048053
 0.11953982
 0.11734807999999999
 0.11442552
 0.11318361
 0.11270703
 0.10964127
 0.10695821
 0.10612214
 0.10405832
 0.10124908000000001
 0.099507189999999995
 0.097475110000000004
 0.095218800000000006
 0.091556009999999993


