# Created by Octave 7.3.0, Mon Oct 09 02:22:05 2023 UTC <jovyan@224710f94f77>
# name: C
# type: scalar
3


# name: Cex
# type: matrix
# rows: 43
# columns: 1
 240
 245
 250
 255
 260
 265
 270
 275
 280
 285
 290
 295
 300
 305
 310
 315
 320
 325
 330
 335
 340
 345
 350
 355
 360
 365
 370
 375
 380
 385
 390
 395
 400
 405
 410
 415
 420
 425
 430
 435
 440
 445
 450


# name: Cem
# type: matrix
# rows: 75
# columns: 1
 300
 304
 308
 312
 316
 320
 324
 328
 332
 336
 340
 344
 348
 352
 356
 360
 364
 368
 372
 376
 380
 384
 388
 392
 396
 400
 404
 408
 412
 416
 420
 424
 428
 432
 436
 440
 444
 448
 452
 456
 460
 464
 468
 472
 476
 480
 484
 488
 492
 496
 500
 504
 508
 512
 516
 520
 524
 528
 532
 536
 540
 544
 548
 552
 556
 560
 564
 568
 572
 576
 580
 584
 588
 592
 596


# name: Cex1
# type: matrix
# rows: 43
# columns: 1
 0.283232131
 0.28714198299999999
 0.292228604
 0.28758670600000003
 0.274568111
 0.25696189800000002
 0.23653041
 0.21474080600000001
 0.193113548
 0.17379772199999999
 0.157818137
 0.14504841299999999
 0.13608488999999999
 0.12988681799999999
 0.12510733700000001
 0.121409161
 0.118970119
 0.118313893
 0.119339903
 0.121674583
 0.124279628
 0.12520279100000001
 0.125839006
 0.12621969499999999
 0.126231066
 0.12426251200000001
 0.121331761
 0.116947568
 0.11193351
 0.104506898
 0.097378351000000002
 0.085988026999999995
 0.076039871999999994
 0.067459014999999997
 0.059559894000000002
 0.053026598000000001
 0.047426687000000002
 0.043905162999999997
 0.039838549000000001
 0.035684410999999999
 0.031811520000000003
 0.029494421999999999
 0.026893229000000001


# name: Cem1
# type: matrix
# rows: 75
# columns: 1
 0
 0
 0
 0
 0
 0
 0.0021578999999999999
 0
 0
 0
 0.00056050999999999996
 0
 0
 0
 0
 0
 0
 0
 0
 0.0038013600000000002
 0.005562226
 0.012876848
 0.022718515000000002
 0.029828342000000001
 0.038462612
 0.048274577999999999
 0.060151614999999999
 0.075147216000000003
 0.087292811999999997
 0.100774145
 0.11301889900000001
 0.12472773600000001
 0.137729458
 0.148558791
 0.15888448699999999
 0.168324374
 0.175494599
 0.18168949600000001
 0.186416424
 0.191322309
 0.19570631399999999
 0.19722572499999999
 0.19775864800000001
 0.19837902399999999
 0.19694300300000001
 0.196021798
 0.19493951700000001
 0.19304980399999999
 0.19011240900000001
 0.185455958
 0.181201997
 0.17645355200000001
 0.17063458300000001
 0.16419741700000001
 0.157390326
 0.149497461
 0.142351267
 0.13434020699999999
 0.12811117
 0.121585631
 0.114507463
 0.10857573500000001
 0.10237824800000001
 0.096106459000000005
 0.090405378999999994
 0.084308983000000004
 0.079178787
 0.073841414999999994
 0.069021324999999994
 0.064486030999999999
 0.059926757999999997
 0.055602513999999999
 0.051296419000000003
 0.047617070999999997
 0.044006800999999998


# name: Cex2
# type: matrix
# rows: 43
# columns: 1
 0.34811667699999999
 0.32081202599999997
 0.287460102
 0.25190459700000001
 0.21927825200000001
 0.19219908099999999
 0.17452388999999999
 0.16594873800000001
 0.163639589
 0.16607533699999999
 0.172271545
 0.17733375700000001
 0.18368960400000001
 0.19086573400000001
 0.19695465000000001
 0.19973922699999999
 0.19822263000000001
 0.19232673
 0.18346679900000001
 0.16976492600000001
 0.15190967699999999
 0.13479176100000001
 0.117675793
 0.101406861
 0.085753193000000005
 0.072942487
 0.056534543999999999
 0.040014118000000001
 0.025666589
 0.013148037
 0.00075460600000000001
 0
 0
 0
 0
 0
 0
 0
 0
 0
 0
 0
 0


# name: Cem2
# type: matrix
# rows: 75
# columns: 1
 0.005660394
 0.0060506839999999998
 0.006251375
 0.0066194299999999999
 0.0080119749999999993
 0.007707551
 0.0076870030000000004
 0.016796304000000001
 0.024826542
 0.034339123999999999
 0.043629860999999999
 0.057441948
 0.074954923000000007
 0.090697321999999997
 0.10768757700000001
 0.12595693499999999
 0.143865358
 0.16235571600000001
 0.18117750499999999
 0.19826739400000001
 0.21589554399999999
 0.22865329200000001
 0.23274577399999999
 0.23928807499999999
 0.241452419
 0.237101069
 0.236536933
 0.234757507
 0.228932793
 0.21975604900000001
 0.21040418999999999
 0.19959845900000001
 0.185477581
 0.17449273800000001
 0.16559732999999999
 0.153308216
 0.142043057
 0.12950972599999999
 0.11748631900000001
 0.105134719
 0.092675847000000006
 0.082403535
 0.071055081000000006
 0.061650648000000002
 0.053718046999999998
 0.045931874999999997
 0.038903466999999997
 0.032345582999999997
 0.026586780000000001
 0.021936625000000001
 0.017212017999999999
 0.012944394999999999
 0.0092653730000000004
 0.0065496979999999996
 0.0043977110000000003
 0.002761707
 0.0012524420000000001
 0.001034678
 0.00010969
 0
 0
 0
 0
 0
 0
 0
 0.000109181
 0
 0
 0.00021178200000000001
 0
 0.000225861
 0
 0
 0


# name: Cex3
# type: matrix
# rows: 43
# columns: 1
 0.18070145600000001
 0.102981718
 0.09245391
 0.11148311299999999
 0.14289062599999999
 0.181823964
 0.22139509399999999
 0.252146708
 0.26460702800000002
 0.24506854
 0.19904814000000001
 0.128439949
 0.064749512999999995
 0.038067455
 0.026680994999999999
 0.023030274
 0.020625909000000001
 0.021059026000000002
 0.0082048429999999999
 0
 0
 0
 0
 0
 0
 0
 0
 0
 0
 0.021819152000000001
 0.031850423000000003
 0.078031573000000007
 0.121916915
 0.15726374500000001
 0.190986921
 0.21928102899999999
 0.241197091
 0.249376084
 0.259311501
 0.26399710199999998
 0.26302075800000002
 0.24853310100000001
 0.236000563


# name: Cem3
# type: matrix
# rows: 75
# columns: 1
 0.15011018200000001
 0.18685491300000001
 0.22094870699999999
 0.248857942
 0.27151235099999999
 0.29177365999999999
 0.30516564699999998
 0.30922176499999998
 0.30407278599999998
 0.28869851699999999
 0.26619583800000002
 0.24227525799999999
 0.216850555
 0.1920509
 0.16598418700000001
 0.14119496400000001
 0.11985971500000001
 0.099853506999999994
 0.083064846999999997
 0.068158866999999998
 0.057087510000000001
 0.045745196000000002
 0.032840956999999997
 0.023651721000000001
 0.016690630000000001
 0.010515839000000001
 0.0052308720000000001
 0.00071158899999999999
 0
 0
 0
 0
 0
 0
 0
 0
 0
 0
 0
 0
 0
 0
 0
 0
 0
 0
 6.0744e-05
 0.0016765230000000001
 0.0035486480000000002
 0.0058547149999999999
 0.0077912149999999998
 0.0096388919999999996
 0.010903651
 0.012491798
 0.013902006
 0.014195078999999999
 0.014774038
 0.015052134
 0.015180920000000001
 0.015432905
 0.015338304000000001
 0.015181745
 0.015180301
 0.014886397000000001
 0.014278334
 0.013889013
 0.013547965
 0.012727657999999999
 0.01188293
 0.01149202
 0.010747601000000001
 0.010091942
 0.0093395330000000006
 0.0085498060000000001
 0.007930622


