# Created by Octave 7.3.0, Mon Sep 18 02:30:22 2023 UTC <jovyan@224710f94f77>
# name: C
# type: scalar
3


# name: Cex
# type: matrix
# rows: 51
# columns: 1
 200
 205
 210
 215
 220
 225
 230
 235
 240
 245
 250
 255
 260
 265
 270
 275
 280
 285
 290
 295
 300
 305
 310
 315
 320
 325
 330
 335
 340
 345
 350
 355
 360
 365
 370
 375
 380
 385
 390
 395
 400
 405
 410
 415
 420
 425
 430
 435
 440
 445
 450


# name: Cem
# type: matrix
# rows: 61
# columns: 1
 250
 255
 260
 265
 270
 275
 280
 285
 290
 295
 300
 305
 310
 315
 320
 325
 330
 335
 340
 345
 350
 355
 360
 365
 370
 375
 380
 385
 390
 395
 400
 405
 410
 415
 420
 425
 430
 435
 440
 445
 450
 455
 460
 465
 470
 475
 480
 485
 490
 495
 500
 505
 510
 515
 520
 525
 530
 535
 540
 545
 550


# name: Cex1
# type: matrix
# rows: 51
# columns: 1
 0.027222244
 0.051366068000000001
 0.091124614000000007
 0.122997907
 0.152313694
 0.17695442
 0.199508193
 0.214959699
 0.224021205
 0.227881957
 0.22174128000000001
 0.20823135800000001
 0.19278042500000001
 0.18423324999999999
 0.18396063000000001
 0.18646977000000001
 0.19195305600000001
 0.19885862300000001
 0.203383431
 0.20458802100000001
 0.20703174499999999
 0.208356665
 0.20698614900000001
 0.20197077999999999
 0.19372920199999999
 0.18167033099999999
 0.166105742
 0.148440081
 0.12959274500000001
 0.11017805899999999
 0.091112303000000006
 0.072816998999999993
 0.055914606999999998
 0.040941300999999999
 0.028416394000000001
 0.018655884000000001
 0.010542882
 0.0034287269999999999
 0
 0
 0
 0
 0
 0
 0
 0
 0
 0
 0
 0
 0


# name: Cem1
# type: matrix
# rows: 61
# columns: 1
 0
 0
 0
 0
 0
 0
 0
 0
 0
 0
 0
 0
 0.0013708259999999999
 0.0048299090000000003
 0.011286122000000001
 0.020427526000000001
 0.032491731000000003
 0.048830603
 0.067709093999999997
 0.090138059000000006
 0.115674709
 0.145506736
 0.17606159599999999
 0.20511185200000001
 0.231779028
 0.25576500499999999
 0.27474306399999998
 0.28159840200000003
 0.28544360600000002
 0.28336953399999998
 0.27693043699999997
 0.26476042799999999
 0.25070482599999999
 0.23375427500000001
 0.213995461
 0.191269676
 0.16843049500000001
 0.146788168
 0.12544060300000001
 0.104521879
 0.084581083000000001
 0.066198146999999999
 0.050383804999999997
 0.037459639000000003
 0.027158400999999999
 0.018317006
 0.011474725999999999
 0.0064998349999999998
 0.0016832749999999999
 0
 0
 0
 0
 0
 0
 0
 0
 0
 0
 0
 0


# name: Cex2
# type: matrix
# rows: 51
# columns: 1
 0.07109
 0.092511292999999994
 0.110574461
 0.125866007
 0.13650089200000001
 0.14622708800000001
 0.15922212899999999
 0.17431060300000001
 0.187629096
 0.19926111099999999
 0.211159554
 0.22090738900000001
 0.22673984599999999
 0.22615466300000001
 0.218285689
 0.203223707
 0.18502080700000001
 0.168994546
 0.15622751000000001
 0.14769215499999999
 0.144251343
 0.143373852
 0.14349583799999999
 0.14327088599999999
 0.142582917
 0.14233974999999999
 0.14299191
 0.14379362700000001
 0.14475480399999999
 0.14429808599999999
 0.143601119
 0.143168672
 0.143475347
 0.14215867800000001
 0.13781827299999999
 0.12963951800000001
 0.11978443599999999
 0.109298848
 0.098338593000000002
 0.087581311999999994
 0.079293461999999995
 0.071223165000000005
 0.063824781999999997
 0.056522722999999997
 0.049407476999999998
 0.042636309999999997
 0.036363287000000001
 0.030818649
 0.025952531000000001
 0.021553559
 0.011605032


# name: Cem2
# type: matrix
# rows: 61
# columns: 1
 0.00029432500000000001
 0
 0
 0
 0
 0
 0
 0
 0
 0
 0
 0
 0
 0
 0
 0
 0
 0
 0
 0
 0
 0
 0
 0
 0
 0
 0.0024063660000000001
 0.017242044000000002
 0.032966146000000002
 0.050947626000000003
 0.069243690999999996
 0.088063018000000007
 0.107191879
 0.12655612099999999
 0.145722249
 0.16538413099999999
 0.183705859
 0.199582911
 0.213314377
 0.22482992199999999
 0.23337805
 0.23924694199999999
 0.24190220100000001
 0.24121479200000001
 0.23735283800000001
 0.231986423
 0.22607988500000001
 0.219311221
 0.21240706400000001
 0.20330841299999999
 0.19167177699999999
 0.179284946
 0.166838075
 0.15515923500000001
 0.14390863000000001
 0.13337056
 0.123017424
 0.112962407
 0.102969567
 0.093077873000000005
 0.084084779999999998


# name: Cex3
# type: matrix
# rows: 51
# columns: 1
 0.235112085
 0.25645455700000003
 0.26236516500000001
 0.28583663300000001
 0.32846133500000002
 0.357558394
 0.28846300800000002
 0.18138233300000001
 0.11821688700000001
 0.10191570599999999
 0.10623750799999999
 0.122938065
 0.15273477199999999
 0.19090195700000001
 0.22741725700000001
 0.24570852800000001
 0.237765649
 0.20693877599999999
 0.16599661399999999
 0.122098121
 0.085285797999999996
 0.055964977999999999
 0.033519207000000002
 0.017676946999999998
 0.0060519399999999996
 0
 0
 0
 0
 0
 0
 0
 0
 0
 0
 0
 0.0012070679999999999
 0.0052522630000000001
 0.0069193980000000002
 0.0062777099999999997
 0.0059583079999999998
 0.0056385769999999997
 0.0051719929999999997
 0.0044062550000000004
 0.0033734279999999999
 0.0022346779999999999
 0.001167274
 0.00034681099999999998
 0
 0
 0


# name: Cem3
# type: matrix
# rows: 61
# columns: 1
 0.036608221000000003
 0.038405450000000001
 0.035815846999999998
 0.034766726999999997
 0.036647126000000002
 0.039351399000000002
 0.052406926999999999
 0.069638674999999997
 0.102783833
 0.13438049399999999
 0.16904638499999999
 0.20355309499999999
 0.23607224299999999
 0.26255195799999997
 0.28201572200000002
 0.29382737199999998
 0.29353627300000001
 0.28163729300000001
 0.273643046
 0.24948975100000001
 0.23238326300000001
 0.208919098
 0.19025993899999999
 0.16502968000000001
 0.14675063199999999
 0.128246053
 0.110096994
 0.09132034
 0.074776969999999998
 0.061584462
 0.051948204999999997
 0.047106584
 0.041438753000000002
 0.037026712000000003
 0.037948522999999998
 0.039313626999999997
 0.044209996000000001
 0.048736946000000003
 0.053231160999999999
 0.056451062000000003
 0.059450771999999999
 0.059912531999999998
 0.059051817999999999
 0.057149326
 0.054684966000000002
 0.053141532999999998
 0.052122981999999998
 0.048929301000000001
 0.049106244
 0.041255332999999998
 0.040439626999999999
 0.04204484
 0.041245188000000002
 0.035380571999999999
 0.035434078000000001
 0.03259927
 0.031537586999999999
 0.031236269000000001
 0.029314316
 0.028537277
 0.030764240000000002


