# Created by Octave 7.3.0, Mon Oct 09 02:13:37 2023 UTC <jovyan@224710f94f77>
# name: C
# type: scalar
4


# name: Cex
# type: matrix
# rows: 43
# columns: 1
 240
 245
 250
 255
 260
 265
 270
 275
 280
 285
 290
 295
 300
 305
 310
 315
 320
 325
 330
 335
 340
 345
 350
 355
 360
 365
 370
 375
 380
 385
 390
 395
 400
 405
 410
 415
 420
 425
 430
 435
 440
 445
 450


# name: Cem
# type: matrix
# rows: 75
# columns: 1
 300
 304
 308
 312
 316
 320
 324
 328
 332
 336
 340
 344
 348
 352
 356
 360
 364
 368
 372
 376
 380
 384
 388
 392
 396
 400
 404
 408
 412
 416
 420
 424
 428
 432
 436
 440
 444
 448
 452
 456
 460
 464
 468
 472
 476
 480
 484
 488
 492
 496
 500
 504
 508
 512
 516
 520
 524
 528
 532
 536
 540
 544
 548
 552
 556
 560
 564
 568
 572
 576
 580
 584
 588
 592
 596


# name: Cex1
# type: matrix
# rows: 43
# columns: 1
 0.39432535600000002
 0.33809759700000003
 0.28798495800000001
 0.24834789400000001
 0.216615208
 0.18924733299999999
 0.17082006699999999
 0.1604942
 0.15672527
 0.157331837
 0.16240657
 0.16672041900000001
 0.173226781
 0.17927341499999999
 0.18399570300000001
 0.18620829699999999
 0.18550082200000001
 0.181724038
 0.17522331699999999
 0.16552729399999999
 0.15135639100000001
 0.13547822100000001
 0.12030186900000001
 0.10442965899999999
 0.089209303000000004
 0.074322809000000004
 0.061883171000000001
 0.047690876
 0.034808450999999997
 0.023225749
 0.014490713000000001
 0.0048735619999999997
 0
 0
 0
 0
 0
 0
 0
 0
 0
 0
 0


# name: Cem1
# type: matrix
# rows: 75
# columns: 1
 0.0041251070000000003
 0.0023421409999999998
 0
 0
 0
 0
 0
 0
 0.0054411759999999998
 0.013229734
 0.023377597
 0.036107226999999999
 0.049417155999999997
 0.064556860999999993
 0.078362825999999997
 0.093746969999999999
 0.10893019700000001
 0.12324087
 0.14170375299999999
 0.15900386399999999
 0.17517319100000001
 0.19235368999999999
 0.20252373500000001
 0.20987539
 0.21450124700000001
 0.21463357
 0.21931599099999999
 0.22315766100000001
 0.21960669399999999
 0.216413836
 0.21124579700000001
 0.20649862499999999
 0.20108140499999999
 0.19332466600000001
 0.18677848799999999
 0.17975032199999999
 0.175502518
 0.166631046
 0.15555263699999999
 0.14219559100000001
 0.134288411
 0.12503695300000001
 0.11546100099999999
 0.107437088
 0.099605208000000001
 0.092992425000000004
 0.087043553999999995
 0.080938878000000006
 0.075226571000000006
 0.069842623000000006
 0.064744297000000006
 0.059430284999999999
 0.055094523999999999
 0.051067886
 0.047147673000000001
 0.043310005999999998
 0.039989528000000003
 0.037649100999999997
 0.034988380999999999
 0.032684502999999997
 0.030442694999999999
 0.028619097
 0.027146869000000001
 0.024986589999999999
 0.023213602
 0.021921129000000001
 0.020793697999999999
 0.019064520000000001
 0.017941306000000001
 0.016273453
 0.015423769
 0.014672601
 0.012682789999999999
 0.011988588
 0.010396124


# name: Cex2
# type: matrix
# rows: 43
# columns: 1
 0.18047698700000001
 0.24133971000000001
 0.28456034699999999
 0.30246547800000001
 0.295457413
 0.27724353600000001
 0.25248601199999998
 0.224640751
 0.19681868699999999
 0.171274442
 0.14913135699999999
 0.131895029
 0.117008125
 0.107461495
 0.100799498
 0.096864563000000001
 0.095646548999999997
 0.097591875999999994
 0.102569601
 0.109857251
 0.118669503
 0.12640716099999999
 0.13190537699999999
 0.137813079
 0.14274890100000001
 0.146080723
 0.144428169
 0.14255426500000001
 0.139170081
 0.132785335
 0.124128554
 0.116505909
 0.10668303799999999
 0.094122532999999994
 0.083034525999999997
 0.073029076999999998
 0.064563898999999994
 0.057752420999999998
 0.052996961000000002
 0.047148770999999999
 0.041701207999999997
 0.036984284999999999
 0.033994684999999997


# name: Cem2
# type: matrix
# rows: 75
# columns: 1
 0
 0
 0
 0
 0
 0
 0
 0
 0
 0
 0
 0
 0
 0
 0
 0
 0
 0
 0
 0
 0
 0.001422277
 0.004949312
 0.015985606999999999
 0.025577642000000001
 0.034242524000000003
 0.044911702999999997
 0.058134727999999997
 0.076021233999999993
 0.089528936000000003
 0.103758531
 0.11528387700000001
 0.12603209900000001
 0.13957818299999999
 0.151962455
 0.16221886799999999
 0.16589451199999999
 0.17452731399999999
 0.182567379
 0.19206626500000001
 0.19610640400000001
 0.19926133400000001
 0.19950412300000001
 0.20088829899999999
 0.200407217
 0.19944989900000001
 0.19778704999999999
 0.19665717399999999
 0.19400727600000001
 0.19006050199999999
 0.185461975
 0.18100751600000001
 0.17466965100000001
 0.168054383
 0.16077611999999999
 0.15364033199999999
 0.14630881000000001
 0.13823525
 0.13204490699999999
 0.12483488299999999
 0.118850569
 0.113195163
 0.106472188
 0.100544829
 0.093989269
 0.087995116999999998
 0.082785320999999995
 0.077496554999999995
 0.072524568999999997
 0.067826412000000003
 0.063184628000000007
 0.058692303000000001
 0.054913431999999998
 0.050831925
 0.047235589000000001


# name: Cex3
# type: matrix
# rows: 43
# columns: 1
 0
 0.30227537199999999
 0.42569045100000003
 0.37381418500000002
 0.286017258
 0.21581299500000001
 0.172166389
 0.14907879399999999
 0.13693588200000001
 0.13198810499999999
 0.132630257
 0.13319498099999999
 0.14024932700000001
 0.14757852399999999
 0.156525317
 0.16602377800000001
 0.17477814999999999
 0.18083417299999999
 0.18298714199999999
 0.17894347999999999
 0.168308982
 0.15325751800000001
 0.13749106999999999
 0.11932263799999999
 0.101446943
 0.084323059000000006
 0.069981591999999995
 0.055304269000000003
 0.041367711000000001
 0.030510006999999999
 0.022426274999999999
 0.012555428
 0.0063386019999999996
 0.0020726149999999999
 0
 0
 0
 0
 0
 0
 0
 0
 0


# name: Cem3
# type: matrix
# rows: 75
# columns: 1
 0.00060857999999999995
 0.0088794479999999999
 0.013346712
 0.022950973
 0.022202962999999999
 0.027976709999999998
 0.031081877000000001
 0.030208769999999999
 0.036748348
 0.046258137999999997
 0.051339816000000003
 0.052346825999999999
 0.066440686999999998
 0.072386238000000006
 0.084481927999999998
 0.097363938999999997
 0.11041717400000001
 0.125058162
 0.13762908400000001
 0.15742118599999999
 0.17420597199999999
 0.18940036900000001
 0.20086372699999999
 0.20555722300000001
 0.20709851800000001
 0.20958184699999999
 0.21603776799999999
 0.217425178
 0.21298207599999999
 0.21062967799999999
 0.20452735899999999
 0.20196482199999999
 0.19898070500000001
 0.19156088600000001
 0.18430392400000001
 0.17589486400000001
 0.17588731199999999
 0.1643114
 0.151025992
 0.14406675899999999
 0.136471868
 0.124678437
 0.120689172
 0.113451104
 0.106569791
 0.100331424
 0.094625401999999997
 0.086521354999999994
 0.080558585000000002
 0.074239162999999997
 0.069049440000000004
 0.063116911999999997
 0.058742805000000002
 0.054128759999999998
 0.050036890000000001
 0.046252263000000002
 0.041945113999999999
 0.040410608000000001
 0.037527117999999998
 0.035456520999999998
 0.032683173000000003
 0.029807849000000001
 0.029076554000000001
 0.027023193000000001
 0.025453956
 0.023701676000000001
 0.022796172
 0.021308153999999999
 0.019316976
 0.018256629
 0.016850231
 0.015292715
 0.013795778999999999
 0.012866648
 0.01213447


# name: Cex4
# type: matrix
# rows: 43
# columns: 1
 0.26411775300000001
 0.200356228
 0.18015112799999999
 0.17279484000000001
 0.176103379
 0.19548107200000001
 0.22585112600000001
 0.25225449799999999
 0.25880222200000003
 0.239655743
 0.196112436
 0.138730083
 0.084179192999999999
 0.057178833999999998
 0.049523619999999997
 0.044409773999999999
 0.038861826000000002
 0.028994223
 0.017772939000000001
 0
 0
 0
 0
 0
 0
 0
 0
 0
 3.5184600000000002e-05
 0.037362576000000002
 0.070822540000000003
 0.085711009000000005
 0.112294668
 0.148373015
 0.17312792099999999
 0.19736527200000001
 0.214665722
 0.22676892000000001
 0.22456868199999999
 0.22436940999999999
 0.21890947899999999
 0.21230283699999999
 0.18913595999999999


