# Created by Octave 7.3.0, Mon Oct 30 00:30:03 2023 UTC <jovyan@224710f94f77>
# name: C
# type: scalar
4


# name: Cex
# type: matrix
# rows: 51
# columns: 1
 250
 255
 260
 265
 270
 275
 280
 285
 290
 295
 300
 305
 310
 315
 320
 325
 330
 335
 340
 345
 350
 355
 360
 365
 370
 375
 380
 385
 390
 395
 400
 405
 410
 415
 420
 425
 430
 435
 440
 445
 450
 455
 460
 465
 470
 475
 480
 485
 490
 495
 500


# name: Cem
# type: matrix
# rows: 60
# columns: 1
 300
 305
 310
 315
 320
 325
 330
 335
 340
 345
 350
 355
 360
 365
 370
 375
 380
 385
 390
 395
 400
 405
 410
 415
 420
 425
 430
 435
 440
 445
 450
 455
 460
 465
 470
 475
 480
 485
 490
 495
 500
 505
 510
 515
 520
 525
 530
 535
 540
 545
 550
 555
 560
 565
 570
 575
 580
 585
 590
 595


# name: Cex1
# type: matrix
# rows: 51
# columns: 1
 0.33354352799999998
 0.31270661700000002
 0.28704437100000002
 0.260547164
 0.23432603399999999
 0.21117882800000001
 0.19368445500000001
 0.181396212
 0.17253186400000001
 0.16666140199999999
 0.16595838700000001
 0.16766098400000001
 0.17143903399999999
 0.174151796
 0.17675908100000001
 0.18010215099999999
 0.18033679899999999
 0.17777283899999999
 0.17479879100000001
 0.16872161599999999
 0.159175328
 0.14839294
 0.13773110899999999
 0.122072262
 0.106038412
 0.087841391000000005
 0.067933542999999999
 0.053724561999999997
 0.041354289000000002
 0.029384434000000001
 0.021317185999999998
 0.014488262
 0.0083421780000000004
 0.0044181749999999999
 0.00079765399999999996
 0
 0
 0
 0
 0
 0
 0
 0
 0
 0
 0
 0
 0
 0
 0
 0


# name: Cem1
# type: matrix
# rows: 60
# columns: 1
 0
 0
 0
 0
 0
 0
 0
 0
 0
 0
 0
 0
 0
 0
 0.012793857
 0.026868768000000001
 0.046071755999999998
 0.065149676000000004
 0.086913511999999998
 0.110456955
 0.135117874
 0.15989239299999999
 0.18461762500000001
 0.20756411599999999
 0.22477908299999999
 0.23625059900000001
 0.24537521200000001
 0.25126929799999997
 0.25481258000000001
 0.25296036300000002
 0.24826206300000001
 0.238968127
 0.22717754800000001
 0.21643858199999999
 0.20172826799999999
 0.190346402
 0.17716110099999999
 0.16523896900000001
 0.15407030899999999
 0.14261249200000001
 0.13149012700000001
 0.120485725
 0.109944536
 0.099501771000000003
 0.089192561000000004
 0.080638540999999994
 0.072839251999999993
 0.066029091999999998
 0.060257357999999997
 0.054825975999999998
 0.050232687999999998
 0.045452022000000002
 0.041121962999999997
 0.037504345000000001
 0.033950253
 0.030609041
 0.027783285000000001
 0.024036958000000001
 0.022035578
 0.018609881000000002


# name: Cex2
# type: matrix
# rows: 51
# columns: 1
 0.31864480499999998
 0.25514196500000003
 0.20441346899999999
 0.169625992
 0.150945103
 0.15085756
 0.15920875700000001
 0.183556994
 0.220435408
 0.26077927099999998
 0.27742540799999998
 0.29986568499999999
 0.29216228999999999
 0.27698982799999999
 0.25537705300000002
 0.22212221800000001
 0.195748164
 0.16290505899999999
 0.13327425500000001
 0.093640272999999996
 0.067556693000000001
 0.040096922
 0.021169004000000002
 0.0040213560000000002
 0
 0
 0
 0
 0
 0
 0
 0
 0.0044135980000000003
 0.0045913070000000002
 0.0035725779999999999
 0.0020215709999999998
 0.0013467150000000001
 0.001507364
 0.0018703210000000001
 0.0020637189999999999
 0.001983042
 0.001847291
 0.0017352369999999999
 0.001457049
 0.0012721950000000001
 0.001017752
 0.00081237599999999996
 0.00056126400000000001
 0.00036908600000000002
 0.000169579
 4.42538e-05


# name: Cem2
# type: matrix
# rows: 60
# columns: 1
 0.023055223999999999
 0.032729480999999998
 0.041831092
 0.050804514000000002
 0.060059705999999997
 0.070758163999999998
 0.083196812999999994
 0.098997637999999999
 0.120506633
 0.14722458299999999
 0.179140785
 0.21611281099999999
 0.25323934999999997
 0.28833055400000002
 0.30100353299999999
 0.30908428700000001
 0.30597205100000002
 0.29809255899999998
 0.28538582899999998
 0.26165077599999997
 0.232618027
 0.19891215800000001
 0.16113544799999999
 0.12433838799999999
 0.093294426999999999
 0.068073494999999998
 0.046467322999999998
 0.028925032
 0.015483480000000001
 0.0061763490000000002
 0
 0
 0
 0
 0.002647609
 0.0069787319999999996
 0.012987357999999999
 0.017718468000000001
 0.022772312999999999
 0.026590475999999998
 0.030697055000000001
 0.034889377999999999
 0.037694733000000001
 0.041227158999999999
 0.044065054999999999
 0.045440910000000001
 0.046652730000000003
 0.047478122999999997
 0.047744483999999997
 0.047367845999999998
 0.046501303000000001
 0.045965480000000003
 0.045213092000000003
 0.042041026000000002
 0.040091791000000002
 0.038153220000000002
 0.036039631000000003
 0.036704068999999999
 0.033946668999999999
 0.035854150000000001


# name: Cex3
# type: matrix
# rows: 51
# columns: 1
 0.28334483199999999
 0.27075007899999998
 0.27458392100000001
 0.27937801800000001
 0.27015839800000002
 0.246939613
 0.20970118900000001
 0.17091435899999999
 0.133002916
 0.103915138
 0.077331639999999993
 0.054916317999999999
 0.036239694000000003
 0.023636715999999999
 0.016281645000000001
 0.013396791
 0.016194129000000002
 0.023257755000000001
 0.033643337000000002
 0.049291601999999997
 0.065376622999999995
 0.085312929999999995
 0.107209396
 0.13489752799999999
 0.154417157
 0.167852578
 0.179665088
 0.18379097599999999
 0.185216302
 0.18488295699999999
 0.18056435200000001
 0.17552053200000001
 0.16695353900000001
 0.15936154399999999
 0.151305668
 0.13354070600000001
 0.11798307500000001
 0.10029007299999999
 0.086226292999999996
 0.073653735999999997
 0.062501741
 0.055547246000000002
 0.050581941999999998
 0.044713614999999998
 0.041324990999999998
 0.037466652000000003
 0.034987380999999998
 0.032693206000000002
 0.030953577999999999
 0.029905016
 0.028024058000000001


# name: Cem3
# type: matrix
# rows: 60
# columns: 1
 0
 0
 0
 0
 0
 0
 0
 0
 0
 0
 0
 0
 0.0032048210000000001
 0.012687566000000001
 0.01064883
 0.0081577760000000003
 0
 0
 0
 0
 0
 0
 0
 0
 0.0077558080000000003
 0.02328701
 0.040689160000000002
 0.060522940999999997
 0.081418222999999998
 0.104576988
 0.12940051899999999
 0.15437825699999999
 0.17588438100000001
 0.194324214
 0.208551925
 0.22112557199999999
 0.22913370499999999
 0.234299957
 0.23817080600000001
 0.23806234000000001
 0.23694494599999999
 0.23400602100000001
 0.228115129
 0.22139136600000001
 0.211729213
 0.202682155
 0.19235116499999999
 0.182626018
 0.17301103800000001
 0.163239464
 0.15331209600000001
 0.143362354
 0.13324066100000001
 0.122493118
 0.112248205
 0.1030406
 0.094426157999999996
 0.087313115999999996
 0.080814362000000001
 0.076185414000000007


# name: Cex4
# type: matrix
# rows: 51
# columns: 1
 0.19517685200000001
 0.224082899
 0.26509516599999999
 0.316705819
 0.36366281700000003
 0.397978887
 0.41543101900000001
 0.37732291899999998
 0.29556700299999999
 0.17828164799999999
 0.12478523399999999
 0.0051935949999999996
 0
 0
 0
 0
 0
 0
 0
 0.00051317699999999997
 0.0087907929999999999
 0.021844565999999999
 0.012247795000000001
 0.0085411250000000001
 0
 0
 0
 0
 0
 0
 0
 0
 0
 0
 0
 0
 0
 0
 0
 0
 0
 0
 0
 0
 0
 2.12696e-05
 9.5474499999999995e-05
 6.3893000000000006e-05
 0.00027889199999999999
 0.00061669700000000004
 0.00088758499999999998


