# Created by Octave 7.3.0, Sun Sep 17 20:09:25 2023 UTC <jovyan@224710f94f77>
# name: C
# type: scalar
2


# name: Cex
# type: matrix
# rows: 17
# columns: 1
 250
 255
 260
 265
 270
 275
 280
 285
 290
 295
 300
 305
 310
 315
 320
 325
 330


# name: Cem
# type: matrix
# rows: 58
# columns: 1
 270
 272
 274
 276
 279
 281
 283
 285
 288
 290
 292
 294
 297
 299
 301
 303
 306
 308
 310
 313
 315
 317
 319
 322
 324
 326
 328
 331
 333
 335
 338
 340
 342
 344
 347
 349
 351
 354
 356
 358
 360
 363
 365
 367
 370
 372
 374
 376
 379
 381
 383
 386
 388
 390
 392
 395
 397
 399


# name: Cex1
# type: matrix
# rows: 17
# columns: 1
 1
 0.73025691999999998
 0.52058293499999997
 0.414238408
 0.41541038499999999
 0.446446968
 0.44442003899999999
 0.396159965
 0.31712954999999998
 0.24571975800000001
 0.196791625
 0.15816820500000001
 0.11577929300000001
 0.089222039000000003
 0.077712613999999999
 0.059582413000000001
 0.043625713000000003


# name: Cem1
# type: matrix
# rows: 58
# columns: 1
 0.096736050000000004
 0.013632319
 0
 0.003117243
 0
 0
 0
 0
 0
 0.041413354999999999
 0.109803974
 0.346961456
 0.362832455
 0.391601121
 0.340371743
 0.30906249600000002
 0.24325697499999999
 0.32675515599999999
 0.395295069
 0.31642846899999999
 0.53920043500000003
 0.42499177599999999
 0.54365956100000001
 0.78639846999999996
 0.65828536199999999
 0.739390663
 0.90064756099999999
 0.96245689800000001
 0.74983029599999995
 0.96829343199999995
 0.92833554900000004
 0.84340306499999995
 0.81336597399999999
 0.87806145199999996
 1
 0.99259766299999996
 0.98057026400000002
 0.79875275700000004
 0.77029597500000002
 0.66705132199999995
 0.57707187599999998
 0.38251496499999998
 0.63844740600000005
 0.50409000800000003
 0.50647623799999997
 0.44472977600000002
 0.43945285899999997
 0.36605591799999998
 0.43783771300000002
 0.33820160599999999
 0.43671847200000002
 0.43812955599999998
 0.312710302
 0.50026709700000005
 0.29846161100000002
 0.37352494600000002
 0.393319906
 0.27837746800000002


# name: Cex2
# type: matrix
# rows: 17
# columns: 1
 1
 0.89655662700000005
 0.85194706499999995
 0.82854215899999994
 0.83765237599999998
 0.82576965999999996
 0.72451379199999999
 0.36835906899999998
 0.13216741200000001
 0.058815157
 0.043145508999999999
 0
 0
 0
 0
 0
 0


# name: Cem2
# type: matrix
# rows: 58
# columns: 1
 0.012189879000000001
 0.109393305
 0.17907298199999999
 0.192773782
 0.176864733
 0.27180419300000003
 0.28943846400000001
 0.192735351
 0.34571505200000002
 0.40197798299999998
 0.47957443599999999
 0.47882888600000001
 0.525842005
 0.66037749199999995
 0.81017980999999994
 0.90151110099999998
 0.97987968800000003
 1
 0.88436262300000001
 0.943721641
 0.77982241799999996
 0.74700195700000005
 0.70696227199999995
 0.402705166
 0.44963559400000003
 0.340080775
 0.22626216099999999
 0.179259366
 0.17186034
 0.015633494000000001
 0
 0
 0
 0
 0
 0
 0
 0
 0
 0
 0
 0
 0
 0
 0
 0
 0
 0
 0
 0
 0
 0
 0.00070718500000000004
 2.3600000000000002e-18
 0
 0
 0
 0.010569588


