# Created by Octave 7.3.0, Mon Oct 16 03:08:19 2023 UTC <jovyan@224710f94f77>
# name: C
# type: scalar
6


# name: Cex
# type: matrix
# rows: 43
# columns: 1
 240
 245
 250
 255
 260
 265
 270
 275
 280
 285
 290
 295
 300
 305
 310
 315
 320
 325
 330
 335
 340
 345
 350
 355
 360
 365
 370
 375
 380
 385
 390
 395
 400
 405
 410
 415
 420
 425
 430
 435
 440
 445
 450


# name: Cem
# type: matrix
# rows: 76
# columns: 1
 300
 304
 308
 312
 316
 320
 324
 328
 332
 336
 340
 344
 348
 352
 356
 360
 364
 368
 372
 376
 380
 384
 388
 392
 396
 400
 404
 408
 412
 416
 420
 424
 428
 432
 436
 440
 444
 448
 452
 456
 460
 464
 468
 472
 476
 480
 484
 488
 492
 496
 500
 504
 508
 512
 516
 520
 524
 528
 532
 536
 540
 544
 548
 552
 556
 560
 564
 568
 572
 576
 580
 584
 588
 592
 596
 600


# name: Cex1
# type: matrix
# rows: 43
# columns: 1
 0.39618129499999999
 0.37299006600000001
 0.32760035100000001
 0.269011053
 0.22246513400000001
 0.17223250600000001
 0.155801457
 0.14743699699999999
 0.14756868100000001
 0.15431726200000001
 0.163038919
 0.18106037
 0.18745355699999999
 0.19366029100000001
 0.197742483
 0.19175877399999999
 0.184696471
 0.17189243000000001
 0.155865319
 0.14031207400000001
 0.119700022
 0.097932538
 0.081238453000000002
 0.061972709000000001
 0.046316529000000002
 0.032064614999999998
 0.019378619999999999
 0.0065145380000000003
 0
 0
 0
 0
 0
 0
 0
 0
 0
 0
 0
 0
 0
 0
 0


# name: Cem1
# type: matrix
# rows: 76
# columns: 1
 0.0018194680000000001
 0.0051025810000000001
 0.0039218109999999999
 0.0080754399999999997
 0.0068787830000000003
 0.0037120790000000001
 0
 0
 0
 0
 0
 0.0042446589999999996
 0.017615954999999999
 0.035401001000000001
 0.050459407999999997
 0.065017511
 0.080293479000000001
 0.097470097000000006
 0.11494655600000001
 0.129605371
 0.1453863
 0.16189804099999999
 0.173161483
 0.17124483200000001
 0.18116220399999999
 0.194197861
 0.20064616199999999
 0.206696608
 0.21193843100000001
 0.215198524
 0.22004918300000001
 0.22272377300000001
 0.21997467400000001
 0.22002071600000001
 0.21759388700000001
 0.21339391599999999
 0.20103200099999999
 0.18902833199999999
 0.18133808300000001
 0.16861548800000001
 0.16747546099999999
 0.15621426999999999
 0.14335688199999999
 0.13422343
 0.12574516999999999
 0.115717561
 0.10266210100000001
 0.092405259000000003
 0.081021064000000004
 0.071199296999999995
 0.065152800999999996
 0.056114062999999999
 0.050683301
 0.042852785999999997
 0.039224847
 0.033805035999999997
 0.029990486
 0.022973258999999999
 0.020588486
 0.020390622000000001
 0.015683237999999999
 0.013507603
 0.013454545
 0.012229541999999999
 0.012233143
 0.0088667450000000005
 0.0086674769999999998
 0.0063697379999999998
 0.0080449630000000005
 0.004886792
 0.0045683219999999997
 0.0049093549999999998
 0.0025982790000000002
 0.002795475
 0.003158452
 0.0021796010000000002


# name: Cex2
# type: matrix
# rows: 43
# columns: 1
 0.311274412
 0.30578033199999999
 0.29136176899999999
 0.27630638099999999
 0.27532264200000001
 0.25428192300000002
 0.249949116
 0.232262995
 0.20575962
 0.18811924199999999
 0.171549067
 0.16027702599999999
 0.149270031
 0.139754933
 0.13292389900000001
 0.126032859
 0.121342217
 0.11542989100000001
 0.108261887
 0.105526623
 0.098747854999999995
 0.094852382999999998
 0.091854040999999997
 0.089244906999999998
 0.088027338999999996
 0.085895321999999996
 0.086086833000000001
 0.085263242000000003
 0.083802420000000002
 0.083458850000000001
 0.081326924999999994
 0.079644934000000001
 0.075572552000000001
 0.073055991000000001
 0.070399680000000006
 0.066040426999999999
 0.064653089999999996
 0.061397114000000003
 0.056510087000000001
 0.053522668000000002
 0.050311707999999997
 0.044622202999999999
 0.039673027999999999


# name: Cem2
# type: matrix
# rows: 76
# columns: 1
 0
 0
 0
 0
 0
 0.00064067699999999998
 0
 0
 0
 0
 0
 0.002113022
 0.00084068000000000001
 0
 0
 0
 0
 0
 0
 0
 0
 0
 0
 0
 0
 0
 0
 0
 0
 0
 0
 0
 0
 0
 0
 0.0030615239999999999
 0.022386096000000001
 0.041834743000000001
 0.047659233000000002
 0.074549419000000006
 0.076329773000000004
 0.098114484000000002
 0.123541789
 0.13502545199999999
 0.15255403100000001
 0.164908739
 0.176527923
 0.18323858600000001
 0.190649296
 0.19853939800000001
 0.206556674
 0.21082068000000001
 0.20922004599999999
 0.21688698100000001
 0.20897202000000001
 0.20779721900000001
 0.20546883099999999
 0.202527132
 0.20171478800000001
 0.189235299
 0.189843611
 0.18267082700000001
 0.17434520100000001
 0.16375990700000001
 0.16120500099999999
 0.15680334800000001
 0.14895866499999999
 0.14379508699999999
 0.126732347
 0.12449529099999999
 0.123245798
 0.11710818000000001
 0.11487647500000001
 0.10795687900000001
 0.101096688
 0.099404389999999995


# name: Cex3
# type: matrix
# rows: 43
# columns: 1
 0.21728857600000001
 0.20454935799999999
 0.22676000499999999
 0.26689574900000002
 0.32352662599999998
 0.32200168600000001
 0.29992392899999998
 0.24278446100000001
 0.16885322699999999
 0.120902256
 0.080159960000000002
 0.038175644000000002
 0.015672959
 0.0018272430000000001
 0
 0
 0.010517969
 0.030669082
 0.050696190000000002
 0.077103508000000001
 0.106909769
 0.14016229299999999
 0.15841448999999999
 0.17939686799999999
 0.19379090700000001
 0.195950342
 0.20732741399999999
 0.206554509
 0.19355111699999999
 0.16359849400000001
 0.137537152
 0.112403693
 0.097820262000000005
 0.078321932999999996
 0.063838629999999993
 0.050020197000000002
 0.037319910999999997
 0.023899889000000001
 0.014161378000000001
 0.0058107819999999996
 0.00086823
 0
 0


# name: Cem3
# type: matrix
# rows: 76
# columns: 1
 0
 0
 0
 0
 0
 0
 0.0024321360000000001
 0.0020219629999999999
 0.0051245839999999997
 0.0047513349999999998
 0.00144575
 0.00071133299999999997
 0
 0
 0
 0
 0
 0
 0
 0
 0
 0.0088691589999999997
 0.020902047999999999
 0.031683152999999999
 0.048310740999999997
 0.063686007000000003
 0.083019845999999994
 0.101175874
 0.116384693
 0.13949494900000001
 0.1591813
 0.18038949700000001
 0.19892565600000001
 0.21274538800000001
 0.225339968
 0.23992179599999999
 0.24145507599999999
 0.24125005999999999
 0.24328172200000001
 0.231203458
 0.23765240300000001
 0.23122852399999999
 0.21827975099999999
 0.21489987999999999
 0.20608926599999999
 0.19537966300000001
 0.18192125000000001
 0.167530071
 0.15086624900000001
 0.13538897899999999
 0.122569051
 0.11491660200000001
 0.104278177
 0.089162309999999995
 0.080972213000000001
 0.068876009000000002
 0.062767468000000007
 0.054588123000000002
 0.046487106
 0.045537083999999999
 0.035374903999999999
 0.032251872000000001
 0.028853568999999999
 0.026270391000000001
 0.021391209000000001
 0.019084845
 0.016468271
 0.014003974000000001
 0.010047492
 0.010971134
 0.0096229539999999995
 0.0075176640000000003
 0.0052610629999999999
 0.0038943049999999998
 0.0021640399999999999
 0.00089091500000000004


# name: Cex4
# type: matrix
# rows: 43
# columns: 1
 0.43108169000000002
 0.388409697
 0.37645167499999999
 0.36346449600000003
 0.35734810700000003
 0.31550339300000002
 0.25630334100000002
 0.202026028
 0.15015044
 0.117231762
 0.096458920000000004
 0.068383213999999998
 0.056602611999999997
 0.039042546999999997
 0.023287735
 0.013485868
 0.00062051300000000005
 0.00046276200000000003
 0.001648963
 0
 0
 0.001337853
 0
 0
 0
 0.003420719
 0
 0
 0
 0
 0
 0
 0
 0
 0
 0
 0
 0
 0
 0
 0
 0
 0


