# Created by Octave 7.3.0, Mon Sep 04 23:03:08 2023 UTC <jovyan@224710f94f77>
# name: C
# type: scalar
5


# name: Cex
# type: matrix
# rows: 51
# columns: 1
 250
 255
 260
 265
 270
 275
 280
 285
 290
 295
 300
 305
 310
 315
 320
 325
 330
 335
 340
 345
 350
 355
 360
 365
 370
 375
 380
 385
 390
 395
 400
 405
 410
 415
 420
 425
 430
 435
 440
 445
 450
 455
 460
 465
 470
 475
 480
 485
 490
 495
 500


# name: Cem
# type: matrix
# rows: 41
# columns: 1
 300
 305
 310
 315
 320
 325
 330
 335
 340
 345
 350
 355
 360
 365
 370
 375
 380
 385
 390
 395
 400
 405
 410
 415
 420
 425
 430
 435
 440
 445
 450
 455
 460
 465
 470
 475
 480
 485
 490
 495
 500


# name: Cex1
# type: matrix
# rows: 51
# columns: 1
 0.14895775999999999
 0.13483624
 0.12602642
 0.13650619999999999
 0.17545694000000001
 0.18827377000000001
 0.19147882999999999
 0.22432669
 0.24134238999999999
 0.25645202
 0.26946335999999999
 0.27715295000000001
 0.27499141999999999
 0.26533775999999998
 0.248532
 0.2348469
 0.22369024000000001
 0.21172194999999999
 0.19540541
 0.17498648
 0.14744442999999999
 0.12672974000000001
 0.10714335
 0.089362780000000003
 0.076791769999999995
 0.065193749999999995
 0.05131194
 0.036498460000000003
 0.020487200000000001
 0.0068577600000000001
 0
 0
 0
 0
 0
 0
 0
 0
 0
 0
 0
 0
 0
 0
 0
 0
 0
 0
 0
 0
 0


# name: Cem1
# type: matrix
# rows: 41
# columns: 1
 0
 0
 0
 0.00058164999999999996
 0
 0
 0
 0
 0.00340187
 0.028789289999999999
 0.049881340000000003
 0.075409610000000002
 0.092386319999999994
 0.11755813
 0.14273538999999999
 0.16615515
 0.18842125000000001
 0.20684783000000001
 0.22810151000000001
 0.24585615999999999
 0.25844080000000003
 0.27000141
 0.27125926
 0.26689391000000001
 0.25628990000000001
 0.24534088000000001
 0.23100825999999999
 0.21737250999999999
 0.20355486
 0.1884651
 0.17178329000000001
 0.15620099000000001
 0.13992125999999999
 0.12748197999999999
 0.11328864
 0.10259733
 0.091304209999999997
 0.083622139999999998
 0.074603349999999999
 0.066946919999999993
 0.058795500000000001


# name: Cex2
# type: matrix
# rows: 51
# columns: 1
 0.27109128999999998
 0.27679741000000002
 0.28017307000000002
 0.28021779000000002
 0.27500266000000001
 0.25183927
 0.21978383000000001
 0.19301465000000001
 0.16287167
 0.14064007000000001
 0.12555928999999999
 0.11684066
 0.11405422
 0.11424226
 0.11429314
 0.11755829
 0.1233412
 0.12947814999999999
 0.13604812999999999
 0.14044894999999999
 0.14630185000000001
 0.15198174
 0.15811467000000001
 0.16485565999999999
 0.16266625000000001
 0.15644248999999999
 0.14888599999999999
 0.14071096999999999
 0.13214308
 0.12342502
 0.1108816
 0.096423919999999996
 0.081228359999999999
 0.069918449999999993
 0.059693320000000001
 0.050123800000000003
 0.044581959999999997
 0.040308860000000002
 0.03585091
 0.031432910000000001
 0.027190700000000002
 0.02424581
 0.020045489999999999
 0.01530402
 0.0098395099999999992
 0.00111797
 0.0011058699999999999
 0.00106528
 0.0012256700000000001
 0.0012971599999999999
 0.0012872300000000001


# name: Cem2
# type: matrix
# rows: 41
# columns: 1
 0.00070363000000000001
 0
 0.00145294
 0.00607714
 0.0054015799999999996
 0.0029087800000000001
 0.0036435500000000002
 0.0046607699999999998
 0.0049573400000000002
 0.0021810499999999999
 0.0039000900000000002
 0.0020715199999999999
 0.0068336100000000004
 0.0067690399999999996
 0.0018060299999999999
 0
 0
 0
 0
 0
 0
 0
 0.016553089999999999
 0.041196950000000003
 0.073272089999999998
 0.1011368
 0.13449683000000001
 0.16565447999999999
 0.19465573
 0.21890272
 0.24138866
 0.26046106000000002
 0.27444854000000002
 0.28255869
 0.28721194999999999
 0.29191193999999998
 0.29083885999999998
 0.28705619999999998
 0.28534556
 0.28001136999999998
 0.27394234000000001


# name: Cex3
# type: matrix
# rows: 51
# columns: 1
 0.29879421
 0.27608527999999999
 0.26417342999999999
 0.26269535999999999
 0.27543663000000002
 0.29745782999999998
 0.31519912999999999
 0.32366244999999999
 0.30395709999999998
 0.27195249999999999
 0.23576203000000001
 0.20157306999999999
 0.17433117000000001
 0.13802597999999999
 0.10010006
 0.065661399999999995
 0.02519791
 0.0012534899999999999
 0
 0
 0
 0
 0
 0
 0
 0.00029577999999999999
 0.00077001000000000001
 7.6879999999999996e-05
 0.00105732
 0.0021862800000000001
 0.0039590099999999998
 0.0033670800000000002
 0.0042749700000000003
 0.0039120700000000001
 0.0045437100000000003
 0.00362379
 0.0038887499999999998
 0.00349739
 0.0039873499999999997
 0.0033773900000000001
 0.00368513
 0.0034198900000000001
 0.00352835
 0.00278737
 0.0032016100000000001
 0.0025019399999999998
 0.0030323699999999999
 0.0028417300000000002
 0.00360078
 0.00309552
 0.0040846199999999997


# name: Cem3
# type: matrix
# rows: 41
# columns: 1
 0
 0.00035629999999999999
 0.042604049999999997
 0.11059755
 0.18218946999999999
 0.23922451
 0.25482693000000001
 0.27519490000000002
 0.28530749
 0.26951541000000001
 0.25518897000000001
 0.23711260000000001
 0.2226503
 0.20549804999999999
 0.19385276000000001
 0.18488068999999999
 0.17514558
 0.17087530000000001
 0.16327818999999999
 0.15555116999999999
 0.15001803
 0.14397280000000001
 0.13466678000000001
 0.12426465
 0.11437182999999999
 0.10651821
 0.10003305
 0.094233609999999995
 0.089722469999999999
 0.085646440000000004
 0.083015820000000004
 0.082312739999999995
 0.080544959999999999
 0.079273179999999999
 0.078695080000000001
 0.078804009999999994
 0.078370850000000006
 0.078540849999999995
 0.078144790000000006
 0.079180280000000006
 0.078417020000000004


# name: Cex4
# type: matrix
# rows: 51
# columns: 1
 0.59461892000000005
 0.52252182000000003
 0.44121612999999998
 0.3299108
 0.18064413000000001
 0.10624283
 0.073486549999999998
 0.0075833799999999998
 0
 0
 0
 0
 0
 0.0090564400000000007
 0.030791099999999998
 0.044199299999999997
 0.053885080000000002
 0.053006949999999997
 0.04898839
 0.04786791
 0.048743960000000003
 0.042945789999999998
 0.03945647
 0.026274039999999999
 0.019557109999999999
 0.01141552
 0.00127736
 0
 0
 0
 0
 0
 0
 0
 0
 0.0022034899999999998
 0.0034693100000000002
 0.0036954599999999998
 0.0034311300000000001
 0.0024661000000000001
 0.00143867
 0
 0
 0
 0.00035541000000000001
 0.00338099
 0.0036678499999999998
 0.0036523599999999999
 0.0039557200000000002
 0.0036705000000000002
 0.00456143


# name: Cem4
# type: matrix
# rows: 41
# columns: 1
 0.061716739999999999
 0.071544670000000005
 0.066549689999999995
 0.046932889999999998
 0.025708399999999999
 0.010471309999999999
 0.01230826
 0.011236700000000001
 0.015499600000000001
 0.02915678
 0.040947959999999999
 0.057301499999999998
 0.070346469999999994
 0.090088349999999998
 0.11074907000000001
 0.12829318000000001
 0.14783415
 0.16794005000000001
 0.18950212
 0.20889021999999999
 0.22636092999999999
 0.24254028999999999
 0.24892573000000001
 0.25133357000000001
 0.24723829
 0.24402288
 0.23465712999999999
 0.22669759
 0.21998744000000001
 0.21143751999999999
 0.20056307000000001
 0.18868130999999999
 0.17568411
 0.16652473000000001
 0.15512129999999999
 0.14633499
 0.13632248
 0.12755188000000001
 0.11913062000000001
 0.10831175
 0.099223779999999998


