# Created by Octave 7.3.0, Thu Aug 24 17:33:16 2023 UTC <jovyan@224710f94f77>
# name: C
# type: scalar
5


# name: Cex
# type: matrix
# rows: 51
# columns: 1
 250
 255
 260
 265
 270
 275
 280
 285
 290
 295
 300
 305
 310
 315
 320
 325
 330
 335
 340
 345
 350
 355
 360
 365
 370
 375
 380
 385
 390
 395
 400
 405
 410
 415
 420
 425
 430
 435
 440
 445
 450
 455
 460
 465
 470
 475
 480
 485
 490
 495
 500


# name: Cem
# type: matrix
# rows: 51
# columns: 1
 300
 305
 310
 315
 320
 325
 330
 335
 340
 345
 350
 355
 360
 365
 370
 375
 380
 385
 390
 395
 400
 405
 410
 415
 420
 425
 430
 435
 440
 445
 450
 455
 460
 465
 470
 475
 480
 485
 490
 495
 500
 505
 510
 515
 520
 525
 530
 535
 540
 545
 550


# name: Cex1
# type: matrix
# rows: 51
# columns: 1
 0.21817658500000001
 0.23100646599999999
 0.23126997199999999
 0.22147146200000001
 0.20750185900000001
 0.195198804
 0.18950135600000001
 0.19095236199999999
 0.19534711499999999
 0.19819745999999999
 0.20156822399999999
 0.20574408
 0.21250118600000001
 0.21218814699999999
 0.21023229299999999
 0.20784666900000001
 0.20316219199999999
 0.19932145900000001
 0.19346276000000001
 0.18634292599999999
 0.176749079
 0.16522331700000001
 0.15475007700000001
 0.141454196
 0.127551312
 0.111076828
 0.090721119000000003
 0.072571562000000006
 0.057035737000000003
 0.043559559999999997
 0.033066638000000002
 0.024188422000000001
 0.016384955999999999
 0.010019678000000001
 0.0054212610000000001
 0.0014135739999999999
 0
 0
 0
 0
 0
 0
 0
 0
 0
 0
 0
 0
 0
 0
 0


# name: Cem1
# type: matrix
# rows: 51
# columns: 1
 0
 0
 0
 0
 0
 0
 0
 0
 0
 0
 0
 0
 0
 0
 0
 0.0084002729999999998
 0.032824226999999997
 0.056622008000000001
 0.080143730999999996
 0.107216864
 0.13629950599999999
 0.16764757199999999
 0.19857631000000001
 0.22930399400000001
 0.258537128
 0.27759271499999999
 0.28442662099999999
 0.28952170100000002
 0.29037489399999999
 0.28372080199999999
 0.27173128800000002
 0.25736045499999999
 0.23484311199999999
 0.20975397000000001
 0.18297121499999999
 0.162271254
 0.14024932500000001
 0.121967877
 0.105283295
 0.090114495000000003
 0.074976373999999998
 0.060329735000000002
 0.044794754999999999
 0.031744508999999997
 0.019970169999999999
 0.011329104
 0.003353984
 0
 0
 0
 0


# name: Cex2
# type: matrix
# rows: 51
# columns: 1
 0.168302759
 0.19913096899999999
 0.22532390799999999
 0.238006404
 0.241636881
 0.23737704500000001
 0.22875503999999999
 0.220150928
 0.208984374
 0.19723501700000001
 0.18304390800000001
 0.171749455
 0.16734336299999999
 0.160518784
 0.155217724
 0.15180094599999999
 0.14952107100000001
 0.14809350499999999
 0.14682826299999999
 0.14714534300000001
 0.147237909
 0.147241976
 0.14973004400000001
 0.15213881900000001
 0.15316460800000001
 0.15154833100000001
 0.144545961
 0.13736152500000001
 0.12897440099999999
 0.120152589
 0.11070656500000001
 0.10212737
 0.094698299
 0.087363162999999994
 0.080514731000000006
 0.073154897999999996
 0.065174619000000003
 0.056733387000000003
 0.048612378999999997
 0.041972152999999998
 0.036817831000000002
 0.032817712999999998
 0.029006838
 0.025704940999999999
 0.023069038
 0.020979580000000001
 0.018990594
 0.017225220999999999
 0.015735631
 0.014271625
 0.013307319999999999


# name: Cem2
# type: matrix
# rows: 51
# columns: 1
 0
 0
 0
 0
 0
 0
 0
 0
 0
 0
 0
 0
 0
 0
 0.0070289380000000002
 0.011480703
 0.0038286219999999998
 0
 0
 0
 0
 0
 0
 0
 0
 0.0083147819999999997
 0.026625738999999999
 0.044663917999999997
 0.065368529999999994
 0.088319096999999999
 0.11303531999999999
 0.13624877499999999
 0.159523004
 0.182120536
 0.20149460299999999
 0.218217204
 0.22985851500000001
 0.238346843
 0.24554795099999999
 0.24829209499999999
 0.25065121000000001
 0.250729957
 0.24918204699999999
 0.245760069
 0.240359088
 0.23425873699999999
 0.226860542
 0.21769139500000001
 0.206672894
 0.19610794200000001
 0.18530464399999999


# name: Cex3
# type: matrix
# rows: 51
# columns: 1
 0.58532719600000005
 0.48323421300000002
 0.39872190400000002
 0.328322577
 0.26397234000000003
 0.20510847600000001
 0.148165351
 0.095650847999999997
 0.060255300999999997
 0.042917038999999997
 0.038463677000000002
 0.035417305000000003
 0.022399959000000001
 0.020630356999999998
 0.022266581000000001
 0.024329153999999999
 0.027891460999999999
 0.025896651999999999
 0.029160552999999999
 0.024526006
 0.019383870000000001
 0.017588370999999998
 0.014676738999999999
 0.012698236
 0.0080806320000000008
 0
 0
 0
 0
 0
 0
 0
 0
 0
 0
 0
 0
 0
 0
 0
 0
 0
 0
 0
 0
 0
 0
 0
 0
 0
 0


# name: Cem3
# type: matrix
# rows: 51
# columns: 1
 0.0049553870000000003
 0.0086456469999999994
 0.013420401
 0.018052142
 0.021934047000000002
 0.025973343999999999
 0.028642163000000002
 0.034514062999999998
 0.038399262000000003
 0.045478781000000003
 0.055088204000000002
 0.064305767999999999
 0.076240934999999996
 0.090688112000000001
 0.103364698
 0.11507996400000001
 0.12580232399999999
 0.137736258
 0.15143187499999999
 0.16050331400000001
 0.16912338499999999
 0.174859391
 0.180535942
 0.18458339500000001
 0.188064761
 0.19106986300000001
 0.194420595
 0.19511925099999999
 0.19733582099999999
 0.19766202299999999
 0.19773903300000001
 0.19594202899999999
 0.192823247
 0.190750471
 0.18594084399999999
 0.18310865000000001
 0.17831442
 0.17257578900000001
 0.16782308000000001
 0.16219315200000001
 0.156807487
 0.15092898900000001
 0.14574690800000001
 0.139739167
 0.13379882600000001
 0.12605148799999999
 0.12047290300000001
 0.113047751
 0.105021484
 0.096050400999999994
 0.088136222


# name: Cex4
# type: matrix
# rows: 51
# columns: 1
 0.183079511
 0.169057867
 0.15042995100000001
 0.13266154899999999
 0.130751018
 0.14810194400000001
 0.17977585300000001
 0.22654832
 0.26782980499999998
 0.30340138
 0.31600889199999999
 0.31656585100000001
 0.314998153
 0.29189253199999998
 0.26146647499999998
 0.228925297
 0.19979659299999999
 0.16698495399999999
 0.13345089800000001
 0.10477756100000001
 0.076438083000000004
 0.048161919999999997
 0.029178795
 0.013159567
 0.0028102420000000001
 0
 0
 0
 0
 0
 0
 0
 0.0030608670000000001
 0.0067881779999999997
 0.0079661109999999997
 0.0057685460000000003
 0.0022168740000000002
 0
 0
 0
 2.05e-05
 0.000153024
 0.00020059099999999999
 0.00019581399999999999
 0.000157844
 0.000119224
 8.7085799999999999e-05
 1.35939e-05
 0
 0
 0


# name: Cem4
# type: matrix
# rows: 51
# columns: 1
 0
 0.012617847
 0.022437736
 0.032130618999999999
 0.042036485999999998
 0.052315935000000001
 0.064816155
 0.077684875
 0.094839030000000005
 0.11591602300000001
 0.140851752
 0.17116624499999999
 0.205228882
 0.24087196999999999
 0.26953512299999999
 0.28838562099999998
 0.296865245
 0.30159381200000002
 0.30410154299999997
 0.294726973
 0.27894587999999998
 0.25521327300000002
 0.22643297000000001
 0.19412104299999999
 0.16032148399999999
 0.12850248
 0.103056278
 0.078192992000000003
 0.056149259999999999
 0.036716408999999998
 0.019986045000000001
 0.0069794590000000004
 0
 0
 0
 0
 0
 0
 0
 0
 0
 0.001903783
 0.0060973750000000004
 0.010293402
 0.014184769
 0.016223009
 0.017621456000000001
 0.017217791999999999
 0.015423643000000001
 0.014136770999999999
 0.012596593999999999


