# Created by Octave 7.3.0, Thu Nov 23 03:55:04 2023 UTC <jovyan@224710f94f77>
# name: F
# type: matrix
# rows: 34
# columns: 125
 NaN NaN NaN NaN NaN NaN NaN NaN NaN NaN NaN NaN NaN NaN NaN NaN NaN NaN NaN NaN NaN NaN NaN NaN NaN NaN NaN NaN NaN NaN NaN NaN NaN NaN NaN NaN NaN NaN NaN NaN NaN NaN NaN NaN NaN NaN 0.11623999999999995 0.27218999999999999 0.45371999999999996 0.63936999999999999 0.89659 1.1615800000000001 1.42079 1.6503900000000002 1.9534000000000002 2.2433000000000001 2.3683800000000002 2.7097899999999999 2.9134899999999999 3.1061900000000002 3.32491 3.5010300000000001 3.6777800000000003 3.80192 3.9180400000000004 3.9811800000000002 4.0991299999999997 4.0900499999999997 4.1899100000000002 4.2159300000000002 4.26248 4.2841399999999998 4.2911099999999998 4.2024800000000004 4.0827299999999997 4.0635500000000002 3.9919099999999998 3.8832899999999997 3.7622200000000001 3.6734600000000004 3.5075099999999999 3.4518499999999999 3.3276500000000002 3.2137500000000001 3.1107 2.9846699999999999 2.9036400000000002 2.7255000000000003 2.64778 2.5303499999999999 2.4285600000000001 2.3491300000000002 2.2080000000000002 2.1139399999999999 2.0137399999999999 1.90585 1.7680099999999999 1.7178800000000001 1.5912500000000001 1.4749300000000001 1.36805 1.29938 1.25424 1.1350800000000001 1.0837400000000001 0.98892000000000002 0.92324000000000006 0.84040000000000004 0.76523000000000008 0.67113 0.59603000000000006 0.54303999999999997 0.47978000000000004 0.42282000000000003 0.36210000000000003 0.30878 0.29602000000000001 0.21881999999999996 0.16287000000000001 0.15497 0.11184999999999995 0.13306000000000001 0.035169999999999979 0.034570000000000045 0
 NaN NaN NaN NaN NaN NaN NaN NaN NaN NaN NaN NaN NaN NaN NaN NaN NaN NaN NaN NaN NaN NaN NaN NaN NaN NaN NaN NaN NaN NaN NaN NaN NaN NaN NaN NaN NaN NaN NaN NaN NaN NaN NaN NaN NaN 0.13011000000000006 0.27001000000000008 0.50888999999999995 0.65062000000000009 0.89211000000000007 1.1750500000000001 1.4392800000000001 1.7286700000000002 2.0385 2.2776800000000001 2.5454499999999998 2.7698399999999999 3.0498699999999999 3.2322899999999999 3.5183500000000003 3.6733199999999999 3.8884099999999999 3.9789299999999996 4.0944500000000001 4.26004 4.2660100000000005 4.3761000000000001 4.3640400000000001 4.3786100000000001 4.42964 4.41153 4.4528500000000006 4.4219400000000002 4.3907600000000002 4.2549600000000005 4.1678600000000001 4.0963800000000008 4.0171700000000001 3.8540899999999998 3.7322700000000002 3.6025300000000002 3.51437 3.36389 3.24255 3.1806799999999997 3.0061999999999998 2.90604 2.8092899999999998 2.6514899999999999 2.57307 2.4600999999999997 2.3952100000000001 2.2682599999999997 2.1214300000000001 2.0251600000000001 1.9225499999999998 1.8082099999999999 1.6874400000000001 1.6022699999999999 1.4926599999999999 1.41736 1.2710500000000002 1.2175799999999999 1.1416200000000001 1.0674600000000001 0.97392000000000001 0.90255000000000007 0.81829000000000007 0.74285000000000012 0.71817000000000009 0.60963000000000001 0.54486000000000001 0.47333000000000003 0.41737000000000002 0.37258000000000002 0.33237000000000005 0.28431000000000006 0.21942000000000006 0.19048000000000009 0.14278000000000002 0.11660000000000004 0.0861900000000001 0.044210000000000083 0.035650000000000071 0
 NaN NaN NaN NaN NaN NaN NaN NaN NaN NaN NaN NaN NaN NaN NaN NaN NaN NaN NaN NaN NaN NaN NaN NaN NaN NaN NaN NaN NaN NaN NaN NaN NaN NaN NaN NaN NaN NaN NaN NaN NaN NaN NaN NaN 0.12474000000000007 0.31428 0.52510000000000001 0.70718000000000003 0.95296000000000014 1.1954099999999999 1.5251399999999999 1.8209299999999997 2.0827999999999998 2.3910800000000001 2.6374599999999999 2.8847899999999997 3.1379199999999998 3.4540500000000001 3.64147 3.8526199999999999 4.0714100000000002 4.1758499999999996 4.2686799999999998 4.4269800000000004 4.4505999999999997 4.6006400000000003 4.5691899999999999 4.5372899999999996 4.5838700000000001 4.6334 4.6099300000000003 4.6366100000000001 4.6155299999999997 4.5266900000000003 4.3742200000000002 4.27583 4.2529500000000002 4.1165399999999996 3.9308899999999998 3.8311000000000002 3.65421 3.6087199999999999 3.4215599999999999 3.26857 3.2378200000000001 3.0939299999999998 2.9329800000000001 2.85161 2.7334100000000001 2.5451699999999997 2.4637500000000001 2.3582000000000001 2.2539199999999999 2.1705199999999998 2.04976 1.9460699999999997 1.8235399999999999 1.7230400000000001 1.6294499999999998 1.4873600000000002 1.4331300000000002 1.3286799999999999 1.2577500000000001 1.1884399999999999 1.0865200000000002 1.01362 0.94739000000000007 0.87038000000000004 0.78044999999999998 0.70140000000000013 0.63995999999999997 0.55572999999999995 0.48734 0.44542000000000004 0.40024000000000004 0.34029000000000009 0.31356000000000006 0.23853000000000002 0.19844000000000006 0.17600000000000005 0.12504999999999999 0.11456 0.05714000000000008 0.040569999999999995 0
 NaN NaN NaN NaN NaN NaN NaN NaN NaN NaN NaN NaN NaN NaN NaN NaN NaN NaN NaN NaN NaN NaN NaN NaN NaN NaN NaN NaN NaN NaN NaN NaN NaN NaN NaN NaN NaN NaN NaN NaN NaN NaN NaN 0.08052999999999999 0.25439999999999996 0.52372999999999992 0.73502999999999996 0.98282999999999998 1.2161900000000001 1.5192299999999999 1.82239 2.10494 2.4451299999999998 2.70146 2.9986099999999998 3.2651699999999999 3.54677 3.8355700000000001 3.9862600000000001 4.2119500000000007 4.3112000000000004 4.5125299999999999 4.5532300000000001 4.66188 4.7096100000000005 4.75319 4.8328000000000007 4.7837100000000001 4.8088000000000006 4.7650500000000005 4.78789 4.7663400000000005 4.6765300000000005 4.6217200000000007 4.4809600000000005 4.3927500000000004 4.2536100000000001 4.1827200000000007 3.9998099999999996 3.90856 3.70105 3.6386099999999995 3.4789599999999998 3.3513999999999999 3.24336 3.0951499999999998 2.9822599999999997 2.8197199999999998 2.7109899999999998 2.59002 2.4873400000000001 2.3998200000000001 2.2947599999999997 2.1457299999999999 2.0653299999999999 1.9062399999999999 1.8418600000000001 1.77427 1.6143199999999998 1.5698599999999998 1.4142999999999999 1.32064 1.27013 1.1313900000000001 1.11557 0.99823000000000006 0.94989000000000001 0.85863999999999996 0.80342999999999998 0.7055300000000001 0.61434 0.57843999999999995 0.49867000000000006 0.47448999999999997 0.37809999999999999 0.34670999999999996 0.30035000000000001 0.24861999999999995 0.19366000000000005 0.15307000000000004 0.12836999999999998 0.12534999999999996 0.031549999999999967 0.056150000000000033 0
