# Created by Octave 7.3.0, Thu Nov 23 19:11:26 2023 UTC <jovyan@224710f94f77>
# name: F
# type: matrix
# rows: 34
# columns: 125
 NaN NaN NaN NaN NaN NaN NaN NaN NaN NaN NaN NaN NaN NaN NaN NaN NaN NaN NaN NaN NaN NaN NaN NaN NaN NaN NaN NaN NaN NaN NaN NaN NaN NaN NaN NaN NaN NaN NaN NaN NaN NaN NaN NaN NaN NaN 0 0.033198475999999991 0.071823073000000001 0.11869250799999999 0.16450113899999996 0.22617387999999999 0.281471213 0.34248606999999998 0.40238538299999999 0.45905779899999993 0.51531132499999999 0.57250375900000006 0.63870555000000007 0.69120331700000004 0.76939787800000004 0.81778022400000006 0.86398913900000007 0.92176205 0.96385122599999995 1.0107717169999999 1.0646159399999999 1.1062286569999999 1.1532096299999999 1.205664147 1.257811596 1.3035765699999999 1.3382675879999999 1.356410715 1.3714448179999998 1.379947754 1.3604920469999999 1.3343184719999999 1.3125434189999998 1.2711830309999999 1.223916692 1.1728344589999999 1.1312703069999999 1.086034792 1.0499563859999999 0.99471109200000007 0.95788473899999993 0.90152806899999993 0.87047241100000006 0.82179969000000008 0.786590648 0.75563730200000001 0.71395029700000001 0.67175421200000007 0.63778648700000007 0.59144939299999999 0.56355685 0.52570299300000001 0.48491152700000001 0.45716343700000001 0.425249292 0.40490330999999996 0.37287268000000001 0.344604148 0.32483709 0.298229617 0.27539994699999998 0.25153700800000001 0.23074518699999996 0.21067887499999999 0.19104297399999998 0.17126900699999997 0.15242792399999999 0.13800772 0.120776956 0.105811998 0.092761642999999991 0.084633954999999997 0.07403066300000001 0.060873435999999989 0.055219819999999989 0.043162455000000002 0.034835616 0.024924581999999987 0.018963490999999985
 NaN NaN NaN NaN NaN NaN NaN NaN NaN NaN NaN NaN NaN NaN NaN NaN NaN NaN NaN NaN NaN NaN NaN NaN NaN NaN NaN NaN NaN NaN NaN NaN NaN NaN NaN NaN NaN NaN NaN NaN NaN NaN NaN NaN NaN 0 0.034400188999999998 0.078555425000000012 0.12233197200000001 0.17320628000000002 0.23139629800000003 0.29527526500000001 0.35957001099999997 0.41702480500000005 0.49030312700000001 0.54432842700000006 0.59152621100000002 0.66754356300000006 0.73031975000000005 0.79203883000000008 0.85346824600000004 0.91208638899999994 0.94913513700000007 0.99063029200000008 1.031578487 1.087725598 1.123491378 1.1557613680000001 1.2146259290000001 1.2530942389999999 1.2916462870000001 1.3323045070000001 1.3615138 1.366777125 1.3726731190000001 1.3709542290000001 1.3537651399999999 1.3291080200000001 1.299906185 1.25944356 1.212891779 1.1701816890000001 1.1155812780000001 1.072937628 1.040090392 0.98843764299999992 0.94466283600000001 0.89906745600000004 0.84869660899999999 0.81364999999999998 0.78369013399999998 0.74163343800000003 0.70705935400000008 0.666619721 0.62458012400000007 0.58904427199999998 0.55433994100000006 0.52185037300000003 0.48364533500000007 0.44976887700000001 0.42283298200000008 0.39590585600000006 0.37332792999999997 0.34918794100000006 0.32306491500000001 0.30048424600000001 0.27378371999999995 0.252740466 0.23010835900000001 0.21147075299999998 0.19078719400000002 0.17640002499999999 0.15608855899999999 0.14325775600000001 0.12351157100000001 0.10704286800000001 0.09630276900000001 0.093982003000000008 0.080106783000000015 0.067159519000000001 0.060064795000000004 0.049136891000000016 0.040400948999999992 0.029438088000000001 0.022907838000000014
 NaN NaN NaN NaN NaN NaN NaN NaN NaN NaN NaN NaN NaN NaN NaN NaN NaN NaN NaN NaN NaN NaN NaN NaN NaN NaN NaN NaN NaN NaN NaN NaN NaN NaN NaN NaN NaN NaN NaN NaN NaN NaN NaN NaN 0 0.035398262 0.073210121000000003 0.123675729 0.17652118699999997 0.22300797299999997 0.28868740099999995 0.35696318699999996 0.42994095300000001 0.49353353 0.54385168399999995 0.613497615 0.678781682 0.75163132300000002 0.81969520099999993 0.87193347799999998 0.91989701899999987 0.98107651299999998 1.0227661170000002 1.0616365600000002 1.1053479340000001 1.1383598430000001 1.1750230370000001 1.2040351310000001 1.253202186 1.2771911710000001 1.3189734820000001 1.3579766290000002 1.3762643860000001 1.386399208 1.377327849 1.370122203 1.3522712990000001 1.319928086 1.2928170650000002 1.238432854 1.196527189 1.1501674310000001 1.1013657130000001 1.0583859440000001 1.0211437130000001 0.97392054500000003 0.92136736600000002 0.88427481099999994 0.83734707799999997 0.79586244500000003 0.77383091299999995 0.73240726300000003 0.69217715400000002 0.64946276999999997 0.61859504399999998 0.58507719400000002 0.54955936699999997 0.51580886100000001 0.47834942899999999 0.44523615900000002 0.41472878699999993 0.39402715699999996 0.36931746099999996 0.34328761099999999 0.32432910300000001 0.29234707999999998 0.27311475799999996 0.24543464500000001 0.22679611599999999 0.209263804 0.19437728399999998 0.171509472 0.15517376799999999 0.14103344099999998 0.12776425400000002 0.113175334 0.10088773199999999 0.088306800000000005 0.077232557999999993 0.069600942999999985 0.058883996000000008 0.049858542999999991 0.043491769 0.030343471999999996 0.027182759999999986
 NaN NaN NaN NaN NaN NaN NaN NaN NaN NaN NaN NaN NaN NaN NaN NaN NaN NaN NaN NaN NaN NaN NaN NaN NaN NaN NaN NaN NaN NaN NaN NaN NaN NaN NaN NaN NaN NaN NaN NaN NaN NaN NaN 0 0.033454212999999983 0.070583023999999994 0.12304116099999998 0.17914501100000002 0.22820276699999997 0.28890787400000001 0.35763482400000002 0.42775511799999999 0.49020113899999995 0.56452779799999997 0.62525510399999995 0.70476833500000002 0.76480804599999996 0.83486504299999997 0.89013794000000002 0.95235020200000009 0.9983666630000001 1.064590216 1.0979525320000001 1.1382935750000001 1.1712629459999999 1.209241322 1.2389033030000001 1.260135864 1.3004495169999999 1.336368226 1.3569066729999999 1.3824200090000001 1.393083654 1.3956344350000001 1.397176167 1.385002514 1.3637956870000001 1.316931364 1.287531413 1.2364377710000001 1.184203994 1.147447436 1.110002095 1.050966995 1.0152427639999999 0.95631771199999993 0.92699876999999997 0.87795562900000002 0.83275788399999995 0.78853144600000002 0.76160942300000001 0.72426216799999998 0.684522191 0.64929729599999997 0.61317231800000005 0.58095185100000002 0.54935887799999994 0.51309171799999997 0.47786865099999998 0.447546475 0.42545115 0.39421822899999998 0.36983181599999998 0.34510217100000001 0.32462649900000001 0.298573794 0.27968863300000002 0.25337575099999998 0.23419769099999999 0.21655622499999999 0.19556021899999998 0.17740388499999998 0.16808496099999998 0.14605316899999998 0.12894450699999999 0.11643622100000001 0.11037005799999999 0.10152360599999999 0.087384696999999983 0.074827541999999997 0.065384374999999995 0.058981339999999993 0.049255244000000004 0.041407674000000005 0.033884800999999992
